# X,Y,Xs,Ys,Zs,Xv,Yv,Zv,shellnum,theta,phi
-2.394922040981337830e+01,1.692589354640293209e+01,2.913716193584377834e+01,-3.328186429032330196e+00,-2.781151105191170814e-06,1.006236838570596204e+00,5.108808991446860404e+00,4.664099999997050050e-01,1.000000000000000000e+00,8.415604973647049514e-01,5.533558793182564273e+00
-2.395279213758597336e+01,1.692161452492468854e+01,2.913823419526064740e+01,-3.322739390044604946e+00,4.945015671775632171e-04,1.005144186213847490e+00,5.108933695014740373e+00,4.664099907801137479e-01,1.000000000000000000e+00,8.415604973647049514e-01,5.533558793182564273e+00
-2.395631187391347794e+01,1.691739600561452050e+01,2.913928998770320433e+01,-3.317370080944044730e+00,9.846761139504778271e-04,1.004067161850443313e+00,5.109056410586834573e+00,4.664099634435641684e-01,1.000000000000000000e+00,8.415604973647049514e-01,5.533558793182564273e+00
-2.395983073259434448e+01,1.691317676569314443e+01,2.914034466410463864e+01,-3.312000562218727850e+00,1.474857995287015555e-03,1.002990130883644859e+00,5.109178924009579958e+00,4.664099179904578341e-01,1.000000000000000000e+00,8.415604973647049514e-01,5.533558793182564273e+00
-2.396339977628076312e+01,1.690889554038534826e+01,2.914141351035848260e+01,-3.306552882139502714e+00,1.972163144779326416e-03,1.001897458331709734e+00,5.109303009348717062e+00,4.664098533654128520e-01,1.000000000000000000e+00,8.415604973647049514e-01,5.533558793182564273e+00
-2.396691686647332986e+01,1.690467484932578301e+01,2.914246593834028687e+01,-3.301182941815282490e+00,2.462359738393482544e-03,1.000820414165494165e+00,5.109425115554288688e+00,4.664097714186880572e-01,1.000000000000000000e+00,8.415604973647049514e-01,5.533558793182564273e+00
-2.397043307856754879e+01,1.690045343819685897e+01,2.914351725014568473e+01,-3.295812792555787851e+00,2.952563603630720124e-03,9.997433634985262163e-01,5.109547019626442754e+00,4.664096713578756437e-01,1.000000000000000000e+00,8.415604973647049514e-01,5.533558793182564273e+00
-2.397399943678624368e+01,1.689617001071673030e+01,2.914458268282276521e+01,-3.290364473493808006e+00,3.449890991830129039e-03,9.986506710653294538e-01,5.109670486785551802e+00,4.664095513349281741e-01,1.000000000000000000e+00,8.415604973647049514e-01,5.533558793182564273e+00
-2.397751387948248336e+01,1.689194714954152232e+01,2.914563174593644845e+01,-3.284993904024529954e+00,3.940109442539974083e-03,9.975736074056977820e-01,5.109791983672659299e+00,4.664094147854744299e-01,1.000000000000000000e+00,8.415604973647049514e-01,5.533558793182564273e+00
-2.398102744362897454e+01,1.688772356883910675e+01,2.914667969273886428e+01,-3.279623126309571646e+00,4.430335101926141661e-03,9.964965373479275357e-01,5.109913278442312468e+00,4.664092601244048675e-01,1.000000000000000000e+00,8.415604973647049514e-01,5.533558793182564273e+00
-2.398459111499948904e+01,1.688343794084466865e+01,2.914774171142677162e+01,-3.274174170373763459e+00,4.927684536328191811e-03,9.954038253472916598e-01,5.110036127470222844e+00,4.664090847111152516e-01,1.000000000000000000e+00,8.415604973647049514e-01,5.533558793182564273e+00
-2.398810290883902496e+01,1.687921291118838951e+01,2.914878740926625156e+01,-3.268802973838260684e+00,5.417924654380845695e-03,9.943267425035438034e-01,5.110157015087028576e+00,4.664088935663872615e-01,1.000000000000000000e+00,8.415604973647049514e-01,5.533558793182564273e+00
-2.399161382367774564e+01,1.687498716254736664e+01,2.914983199066005071e+01,-3.263431569746781946e+00,5.908171918156845948e-03,9.932496533642518610e-01,5.110277700602380513e+00,4.664086843125185844e-01,1.000000000000000000e+00,8.415604973647049514e-01,5.533558793182564273e+00
-2.399512385936630565e+01,1.687076069510134246e+01,2.915087545556373527e+01,-3.258059958327809369e+00,6.398426306803317587e-03,9.921725579633758896e-01,5.110398184021600620e+00,4.664084569503308964e-01,1.000000000000000000e+00,8.415604973647049514e-01,5.533558793182564273e+00
-2.399868395044394020e+01,1.686647213919583166e+01,2.915193292710815598e+01,-3.252610157524001622e+00,6.895804801851479482e-03,9.910798203913192550e-01,5.110520209942795766e+00,4.664082077839168394e-01,1.000000000000000000e+00,8.415604973647049514e-01,5.533558793182564273e+00
-2.400219221461606267e+01,1.686224422425167546e+01,2.915297414268904674e+01,-3.247238129134885298e+00,7.386073480278643189e-03,9.900027124796298983e-01,5.110640286252158049e+00,4.664079439447151310e-01,1.000000000000000000e+00,8.415604973647049514e-01,5.533558793182564273e+00
-2.400569959918723839e+01,1.685801559104555025e+01,2.915401424164592470e+01,-3.241865894108343582e+00,7.876349220596434719e-03,9.889255984089615481e-01,5.110760160481429892e+00,4.664076619996731510e-01,1.000000000000000000e+00,8.415604973647049514e-01,5.533558793182564273e+00
-2.400925700020185616e+01,1.685372483849511127e+01,2.915506829824467161e+01,-3.236415461349132272e+00,8.373749312943656875e-03,9.878328420008599675e-01,5.110881568385695850e+00,4.664073574605789863e-01,1.000000000000000000e+00,8.415604973647049514e-01,5.533558793182564273e+00
-2.401276261234922416e+01,1.684949475888459602e+01,2.915610614760957731e+01,-3.231042810742067672e+00,8.864039216222252549e-03,9.867557156259239015e-01,5.111001035537475090e+00,4.664070390435192670e-01,1.000000000000000000e+00,8.415604973647049514e-01,5.533558793182564273e+00
-2.401626734444539935e+01,1.684526396155516537e+01,2.915714288021705514e+01,-3.225669954187408095e+00,9.354336118438943970e-03,9.856785831945178433e-01,5.111120300625248802e+00,4.664067025231007357e-01,1.000000000000000000e+00,8.415604973647049514e-01,5.533558793182564273e+00
-2.401982205401995429e+01,1.684097101402072738e+01,2.915819352146212751e+01,-3.220218891582627307e+00,9.851757615544132207e-03,9.845858082639052933e-01,5.111241090561772893e+00,4.664063426189156703e-01,1.000000000000000000e+00,8.415604973647049514e-01,5.533558793182564273e+00
-2.402332501278561594e+01,1.683673877138121355e+01,2.915922800420930372e+01,-3.214845620837246898e+00,1.034206855389441237e-02,9.835086637347210115e-01,5.111359948604488501e+00,4.664059696314813430e-01,1.000000000000000000e+00,8.415604973647049514e-01,5.533558793182564273e+00
-2.402682709105014425e+01,1.683250581156618253e+01,2.916026137006607399e+01,-3.209472144834254692e+00,1.083238642821982012e-02,9.824315132515611948e-01,5.111478604599315467e+00,4.664055785431726053e-01,1.000000000000000000e+00,8.415604973647049514e-01,5.533558793182564273e+00
-2.403032828866458814e+01,1.682827213475566097e+01,2.916129361898848416e+01,-3.204098463802191432e+00,1.132271121766681432e-02,9.813543568483498181e-01,5.111597058551616612e+00,4.664051693548142974e-01,1.000000000000000000e+00,8.415604973647049514e-01,5.533558793182564273e+00
-2.403387941183672893e+01,1.682397626667914636e+01,2.916233971127981306e+01,-3.198646565690062005e+00,1.182016092117610384e-02,9.802615577373389177e-01,5.111717025599668673e+00,4.664047357311776887e-01,1.000000000000000000e+00,8.415604973647049514e-01,5.533558793182564273e+00
-2.403737883491404403e+01,1.681974114601697678e+01,2.916336970998588285e+01,-3.193272472318666289e+00,1.231049957782159865e-02,9.791843895113011564e-01,5.111835072550210413e+00,4.664042900824735827e-01,1.000000000000000000e+00,8.415604973647049514e-01,5.533558793182564273e+00
-2.404087737689178539e+01,1.681550530890307371e+01,2.916439859162518644e+01,-3.187898174608282176e+00,1.280084508662282516e-02,9.781072154676649921e-01,5.111952917474389402e+00,4.664038263362080272e-01,1.000000000000000000e+00,8.415604973647049514e-01,5.533558793182564273e+00
-2.404442580541713781e+01,1.681120724971852809e+01,2.916544126761661460e+01,-3.182445651570878553e+00,1.329831574592388321e-02,9.770143985648230833e-01,5.112072266669811071e+00,4.664033373652103909e-01,1.000000000000000000e+00,8.415604973647049514e-01,5.533558793182564273e+00
-2.404792257195266458e+01,1.680696996984857705e+01,2.916646789877328771e+01,-3.177070942911315754e+00,1.378867499508640293e-02,9.759372129047053646e-01,5.112189704624833908e+00,4.664028371636144699e-01,1.000000000000000000e+00,8.415604973647049514e-01,5.533558793182564273e+00
-2.405141845693948355e+01,1.680273197407090890e+01,2.916749341273121843e+01,-3.171696030602902283e+00,1.427904103343857756e-02,9.748600215294102034e-01,5.112306940569692593e+00,4.664023188669479403e-01,1.000000000000000000e+00,8.415604973647049514e-01,5.533558793182564273e+00
-2.405496418944452586e+01,1.679843172544201835e+01,2.916853267201916111e+01,-3.166242884750779751e+00,1.477653245597121412e-02,9.737671871479485208e-01,5.112425671962028240e+00,4.664017745562072381e-01,1.000000000000000000e+00,8.415604973647049514e-01,5.533558793182564273e+00
-2.405845829808471237e+01,1.679419228800447783e+01,2.916955593522904167e+01,-3.160867562883526105e+00,1.526691210783925889e-02,9.726899843624594588e-01,5.112542500970401527e+00,4.664012198092313266e-01,1.000000000000000000e+00,8.415604973647049514e-01,5.533558793182564273e+00
-2.406195152472744425e+01,1.678995213520346397e+01,2.917057808110865125e+01,-3.155492038057573723e+00,1.575729848593421245e-02,9.716127759641696171e-01,5.112659127984851004e+00,4.664006469696788115e-01,1.000000000000000000e+00,8.415604973647049514e-01,5.533558793182564273e+00
-2.406544386922406531e+01,1.678571126721940487e+01,2.917159910961448333e+01,-3.150116310501674732e+00,1.624769156938832282e-02,9.705355619869907580e-01,5.112775553010771468e+00,4.664000560383774197e-01,1.000000000000000000e+00,8.415604973647049514e-01,5.533558793182564273e+00
-2.406898600923202025e+01,1.678140810543066763e+01,2.917263381815781642e+01,-3.144662338507302479e+00,1.674521034388343210e-02,9.694427048149711901e-01,5.112893461734456579e+00,4.663994380419865804e-01,1.000000000000000000e+00,8.415604973647049514e-01,5.533558793182564273e+00
-2.407247657617849512e+01,1.677716579724759427e+01,2.917365259556344981e+01,-3.139286203244584073e+00,1.723561687190122704e-02,9.683654797022703820e-01,5.113009479867506535e+00,4.663988106670714506e-01,1.000000000000000000e+00,8.415604973647049514e-01,5.533558793182564273e+00
-2.407596626053052802e+01,1.677292277442613866e+01,2.917467025546434911e+01,-3.133909865942236195e+00,1.772603004230610679e-02,9.672882491130313509e-01,5.113125296028313116e+00,4.663981652029049463e-01,1.000000000000000000e+00,8.415604973647049514e-01,5.533558793182564273e+00
-2.407950570131952261e+01,1.676861742707563963e+01,2.917570154636823432e+01,-3.128455276055358780e+00,1.822356913100042775e-02,9.661953751923715306e-01,5.113242587064856792e+00,4.663974918845682494e-01,1.000000000000000000e+00,8.415604973647049514e-01,5.533558793182564273e+00
-2.408299360721857951e+01,1.676437296515266340e+01,2.917671695490553319e+01,-3.123078532436920796e+00,1.871399561910935816e-02,9.651181336737637562e-01,5.113357996365627045e+00,4.663968099818222579e-01,1.000000000000000000e+00,8.415604973647049514e-01,5.533558793182564273e+00
-2.408648063007506224e+01,1.676012778913640844e+01,2.917773124580752864e+01,-3.117701587469465352e+00,1.920442868661198510e-02,9.640408867809803217e-01,5.113473203710466208e+00,4.663961099923253917e-01,1.000000000000000000e+00,8.415604973647049514e-01,5.533558793182564273e+00
-2.408996676974059525e+01,1.675588189920750892e+01,2.917874441903104810e+01,-3.112324441381781881e+00,1.969486831264011251e-02,9.629636345479053450e-01,5.113588209104797500e+00,4.663953919169078199e-01,1.000000000000000000e+00,8.415604973647049514e-01,5.533558793182564273e+00
-2.409350261377675295e+01,1.675157364387052894e+01,2.917977115794874265e+01,-3.106869031908262357e+00,2.019243415530680430e-02,9.618707388084268839e-01,5.113704677627491257e+00,4.663946449366531688e-01,1.000000000000000000e+00,8.415604973647049514e-01,5.533558793182564273e+00
-2.409698697378806997e+01,1.674732631630252655e+01,2.918078207945925584e+01,-3.101491481356788427e+00,2.068288693008990542e-02,9.607934759204278530e-01,5.113819276205627595e+00,4.663938904293691845e-01,1.000000000000000000e+00,8.415604973647049514e-01,5.533558793182564273e+00
-2.410047045016094458e+01,1.674307827536712878e+01,2.918179188316136674e+01,-3.096113730375519069e+00,2.117334620042687909e-02,9.597162077944025871e-01,5.113933672849622525e+00,4.663931178386686582e-01,1.000000000000000000e+00,8.415604973647049514e-01,5.533558793182564273e+00
-2.410395304274660688e+01,1.673882952124575851e+01,2.918280056901193120e+01,-3.090735779194124788e+00,2.166381194537159161e-02,9.586389344643949650e-01,5.114047867564901040e+00,4.663923271653830915e-01,1.000000000000000000e+00,8.415604973647049514e-01,5.533558793182564273e+00
-2.410748528760257869e+01,1.673451836087990685e+01,2.918382275523858027e+01,-3.085279553879093584e+00,2.216140420043299919e-02,9.575460174608403374e-01,5.114163513662501437e+00,4.663915065367928436e-01,1.000000000000000000e+00,8.415604973647049514e-01,5.533558793182564273e+00
-2.411096609933436952e+01,1.673026817058238791e+01,2.918482918902837753e+01,-3.079901200085915391e+00,2.265188292522668512e-02,9.564687337501311948e-01,5.114277301605557824e+00,4.663906794383637644e-01,1.000000000000000000e+00,8.415604973647049514e-01,5.533558793182564273e+00
-2.411444602683189231e+01,1.672601726764454000e+01,2.918583450483726693e+01,-3.074522646783181656e+00,2.314236806165004268e-02,9.553914449376714746e-01,5.114390887636310445e+00,4.663898342598578051e-01,1.000000000000000000e+00,8.415604973647049514e-01,5.533558793182564273e+00
-2.411797556745487725e+01,1.672170392782628667e+01,2.918685327196849499e+01,-3.069065811311730840e+00,2.363997992533328762e-02,9.542985123313707518e-01,5.114505916230112526e+00,4.663889583373781456e-01,1.000000000000000000e+00,8.415604973647049514e-01,5.533558793182564273e+00
-2.412145371319823894e+01,1.671745158981180168e+01,2.918785633545641645e+01,-3.063686856788489621e+00,2.413047791472955339e-02,9.532212133441362312e-01,5.114619095521735659e+00,4.663880767387837967e-01,1.000000000000000000e+00,8.415604973647049514e-01,5.533558793182564273e+00
-2.412493097426062150e+01,1.671319853970290126e+01,2.918885828083449496e+01,-3.058307703446329739e+00,2.462098225277653540e-02,9.521439093573541568e-01,5.114732072917503203e+00,4.663871770626231705e-01,1.000000000000000000e+00,8.415604973647049514e-01,5.533558793182564273e+00
-2.412840735049406149e+01,1.670894477768054642e+01,2.918985910806009088e+01,-3.052928351514127669e+00,2.511149291860270694e-02,9.510666004048708988e-01,5.114844848422874790e+00,4.663862593097293785e-01,1.000000000000000000e+00,8.415604973647049514e-01,5.533558793182564273e+00
-2.413193328769297352e+01,1.670462853801644698e+01,2.919087332127372747e+01,-3.047470706759535020e+00,2.560913059659752911e-02,9.499736475052092954e-01,5.114959054747602707e+00,4.663853097627444488e-01,1.000000000000000000e+00,8.415604973647049514e-01,5.533558793182564273e+00
-2.413540788097420986e+01,1.670037334238279669e+01,2.919187189583315245e+01,-3.042090955460150070e+00,2.609965394639957026e-02,9.488963286521556739e-01,5.115071423558026353e+00,4.663843555965033749e-01,1.000000000000000000e+00,8.415604973647049514e-01,5.533558793182564273e+00
-2.413888158898024017e+01,1.669611743538198567e+01,2.919286935211172462e+01,-3.036711006261484158e+00,2.659018356099673852e-02,9.478190049355672553e-01,5.115183590494553734e+00,4.663833833560439013e-01,1.000000000000000000e+00,8.415604973647049514e-01,5.533558793182564273e+00
-2.414235441156327511e+01,1.669186081719509218e+01,2.919386569006702103e+01,-3.031330859392429744e+00,2.708071941951861739e-02,9.467416763892758658e-01,5.115295555562662244e+00,4.663823930422006381e-01,1.000000000000000000e+00,8.415604973647049514e-01,5.533558793182564273e+00
-2.414587674291725605e+01,1.668754168064860721e+01,2.919487534866672718e+01,-3.025872409101829419e+00,2.757838257015454708e-02,9.456487037504983650e-01,5.115408939707756453e+00,4.663813698843489175e-01,1.000000000000000000e+00,8.415604973647049514e-01,5.533558793182564273e+00
-2.414934778135125981e+01,1.668328363031673334e+01,2.919586943361218090e+01,-3.020491864719186736e+00,2.806893094364637520e-02,9.445713655777308038e-01,5.115520498125219362e+00,4.663803431639092500e-01,1.000000000000000000e+00,8.415604973647049514e-01,5.533558793182564273e+00
-2.415281793391643816e+01,1.667902486934545436e+01,2.919686240010656064e+01,-3.015111123357044676e+00,2.855948549807307835e-02,9.434940226773926852e-01,5.115631854690804836e+00,4.663792983726040564e-01,1.000000000000000000e+00,8.415604973647049514e-01,5.533558793182564273e+00
-2.415628720046464295e+01,1.667476539791658041e+01,2.919785424810747188e+01,-3.009730185245112821e+00,2.905004621249207553e-02,9.424166750834575002e-01,5.115743009409999154e+00,4.663782355112695566e-01,1.000000000000000000e+00,8.415604973647049514e-01,5.533558793182564273e+00
-2.415980592355585088e+01,1.667044336745250988e+01,2.919885935140018063e+01,-3.004270933165363644e+00,2.954773449415681874e-02,9.413236832594296111e-01,5.115855571465167451e+00,4.663771387562093418e-01,1.000000000000000000e+00,8.415604973647049514e-01,5.533558793182564273e+00
-2.416327340475996976e+01,1.666618246534530456e+01,2.919984894604929693e+01,-2.998889599392876804e+00,3.003830755460712432e-02,9.402463263128418847e-01,5.115966319578157950e+00,4.663760394950393628e-01,1.000000000000000000e+00,8.415604973647049514e-01,5.533558793182564273e+00
-2.416673999950172558e+01,1.666192085332757244e+01,2.920083742207771849e+01,-2.993508069561617191e+00,3.052888671205411519e-02,9.391689647747544223e-01,5.116076865861336920e+00,4.663749221663616717e-01,1.000000000000000000e+00,8.415604973647049514e-01,5.533558793182564273e+00
-2.417020570763367360e+01,1.665765853158058718e+01,2.920182477944340960e+01,-2.988126343900482595e+00,3.101947194563070553e-02,9.380915986789613026e-01,5.116187210320224388e+00,4.663737867710138763e-01,1.000000000000000000e+00,8.415604973647049514e-01,5.533558793182564273e+00
-2.417372082004668243e+01,1.665333361016578451e+01,2.920282532673916620e+01,-2.982666293779086431e+00,3.151718501668665517e-02,9.369985882233482499e-01,5.116298950375425925e+00,4.663726164324240031e-01,1.000000000000000000e+00,8.415604973647049514e-01,5.533558793182564273e+00
-2.417718474164016129e+01,1.664906985920875115e+01,2.920381043041248859e+01,-2.977284174311545684e+00,3.200778242727109202e-02,9.359212130487862824e-01,5.116408888272658828e+00,4.663714446440114791e-01,1.000000000000000000e+00,8.415604973647049514e-01,5.533558793182564273e+00
-2.418064777617889760e+01,1.664480539906989875e+01,2.920479441529642983e+01,-2.971901859705248228e+00,3.249838585098641097e-02,9.348438334185766863e-01,5.116518624362230483e+00,4.663702547914544971e-01,1.000000000000000000e+00,8.415604973647049514e-01,5.533558793182564273e+00
-2.418410992351540401e+01,1.664054022993083848e+01,2.920577728134907858e+01,-2.966519350189416926e+00,3.298899526693865880e-02,9.337664493665561727e-01,5.116628158649665359e+00,4.663690468755914420e-01,1.000000000000000000e+00,8.415604973647049514e-01,5.533558793182564273e+00
-2.418762142283696903e+01,1.663621242053451965e+01,2.920677327196098005e+01,-2.961058505774893490e+00,3.348673278568781164e-02,9.326734208329054976e-01,5.116739076795100871e+00,4.663678029671710634e-01,1.000000000000000000e+00,8.415604973647049514e-01,5.533558793182564273e+00
-2.419108178244204765e+01,1.663194582365446195e+01,2.920775388398230277e+01,-2.955675604306783555e+00,3.397735420964198561e-02,9.315960279758369600e-01,5.116848204565560110e+00,4.663665586650243000e-01,1.000000000000000000e+00,8.415604973647049514e-01,5.533558793182564273e+00
-2.419454125440043413e+01,1.662767851832197508e+01,2.920873337704626493e+01,-2.950292508620332654e+00,3.446798156283348291e-02,9.305186307989715688e-01,5.116957130550559896e+00,4.663652963021008291e-01,1.000000000000000000e+00,8.415604973647049514e-01,5.533558793182564273e+00
-2.419799983856493952e+01,1.662341050471863824e+01,2.920971175111119678e+01,-2.944909218944587792e+00,3.495861482438589185e-02,9.294412293360900801e-01,5.117065854755646015e+00,4.663640158792403123e-01,1.000000000000000000e+00,8.415604973647049514e-01,5.533558793182564273e+00
-2.420150772238428161e+01,1.661907981031199810e+01,2.921070318435545232e+01,-2.939447583986003920e+00,3.545637644911359132e-02,9.283481832777353837e-01,5.117175951081767593e+00,4.663626984147087873e-01,1.000000000000000000e+00,8.415604973647049514e-01,5.533558793182564273e+00
-2.420496451762545220e+01,1.661481037043789044e+01,2.921167930405158941e+01,-2.934063904212637297e+00,3.594702154963069773e-02,9.272707732834731820e-01,5.117284268814678683e+00,4.663613816123556854e-01,1.000000000000000000e+00,8.415604973647049514e-01,5.533558793182564273e+00
-2.420842042462876975e+01,1.661054022284103837e+01,2.921265430462321433e+01,-2.928680031141222884e+00,3.643767249551066456e-02,9.261933591051596526e-01,5.117392384784397841e+00,4.663600467525985671e-01,1.000000000000000000e+00,8.415604973647049514e-01,5.533558793182564273e+00
-2.421187544324664387e+01,1.660626936770379203e+01,2.921362818602868572e+01,-2.923295965001672769e+00,3.692832926580003061e-02,9.251159407767318710e-01,5.117500298996471741e+00,4.663586938362787593e-01,1.000000000000000000e+00,8.415604973647049514e-01,5.533558793182564273e+00
-2.421537970915580473e+01,1.660193579125961350e+01,2.921461506122474105e+01,-2.917833543248132600e+00,3.742611465482070798e-02,9.240228777466884535e-01,5.117609573593989936e+00,4.663573028293753198e-01,1.000000000000000000e+00,8.415604973647049514e-01,5.533558793182564273e+00
-2.421883293766017786e+01,1.659766351132217821e+01,2.921558668792563651e+01,-2.912449088865093572e+00,3.791678309510126965e-02,9.229454511602824818e-01,5.117717081378827082e+00,4.663559135403635425e-01,1.000000000000000000e+00,8.415604973647049514e-01,5.533558793182564273e+00
-2.422228527733561521e+01,1.659339052439280948e+01,2.921655719533548989e+01,-2.907064442105241397e+00,3.840745729679184706e-02,9.218680205256810645e-01,5.117824387422787780e+00,4.663545061973257688e-01,1.000000000000000000e+00,8.415604973647049514e-01,5.533558793182564273e+00
-2.422573672803520850e+01,1.658911683065333165e+01,2.921752658341300091e+01,-2.901679603197711899e+00,3.889813723901336395e-02,9.207905858766449736e-01,5.117931491731448013e+00,4.663530808011042139e-01,1.000000000000000000e+00,8.415604973647049514e-01,5.533558793182564273e+00
-2.422923737362873808e+01,1.658478037514632675e+01,2.921850889988342459e+01,-2.896216398398809844e+00,3.939594605062990418e-02,9.196975064277064238e-01,5.118039944691329168e+00,4.663516162655884645e-01,1.000000000000000000e+00,8.415604973647049514e-01,5.533558793182564273e+00
-2.423268703302536409e+01,1.658050525807886544e+01,2.921947603292197826e+01,-2.890831173103004303e+00,3.988663749378629220e-02,9.186200637941516201e-01,5.118146642617799280e+00,4.663501545034858253e-01,1.000000000000000000e+00,8.415604973647049514e-01,5.533558793182564273e+00
-2.423613580300310488e+01,1.657622943475012178e+01,2.922044204650386945e+01,-2.885445756350947022e+00,4.037733461447046146e-02,9.175426172480436460e-01,5.118253138825785697e+00,4.663486746907399838e-01,1.000000000000000000e+00,8.415604973647049514e-01,5.533558793182564273e+00
-2.423958368341520853e+01,1.657195290534204091e+01,2.922140694058798616e+01,-2.880060148371795137e+00,4.086803739180200346e-02,9.164651668231285075e-01,5.118359433320877727e+00,4.663471768281940433e-01,1.000000000000000000e+00,8.415604973647049514e-01,5.533558793182564273e+00
-2.424308070628955747e+01,1.656761357374962174e+01,2.922238469765832036e+01,-2.874596164278571564e+00,4.136586928421892573e-02,9.153720715080536641e-01,5.118467064734312899e+00,4.663456387778458501e-01,1.000000000000000000e+00,8.415604973647049514e-01,5.533558793182564273e+00
-2.424652679421047807e+01,1.656333562248672564e+01,2.922334733637065796e+01,-2.869210171766603423e+00,4.185658339342368528e-02,9.142946133719683788e-01,5.118572952892388450e+00,4.663441045562400356e-01,1.000000000000000000e+00,8.415604973647049514e-01,5.533558793182564273e+00
-2.424997199212314314e+01,1.655905696569371344e+01,2.922430885546147294e+01,-2.863823988719115476e+00,4.234730309626577593e-02,9.132171514589269012e-01,5.118678639354428128e+00,4.663425522873782536e-01,1.000000000000000000e+00,8.415604973647049514e-01,5.533558793182564273e+00
-2.425341629988047387e+01,1.655477760355324435e+01,2.922526925488971017e+01,-2.858437615366042905e+00,4.283802837179639944e-02,9.121396858028121279e-01,5.118784124126029234e+00,4.663409819721056615e-01,1.000000000000000000e+00,8.415604973647049514e-01,5.533558793182564273e+00
-2.425685971733591018e+01,1.655049753624741982e+01,2.922622853461450632e+01,-2.853051051936592586e+00,4.332875919913337093e-02,9.110622164373547438e-01,5.118889407212797948e+00,4.663393936112669169e-01,1.000000000000000000e+00,8.415604973647049514e-01,5.533558793182564273e+00
-2.426035221171481027e+01,1.654615461633234474e+01,2.922720059561410366e+01,-2.847586099698251161e+00,4.382661944168697588e-02,9.099691020797736618e-01,5.118996012564370979e+00,4.663377637532225561e-01,1.000000000000000000e+00,8.415604973647049514e-01,5.533558793182564273e+00
-2.426379383519697797e+01,1.654187312901272477e+01,2.922815761955367719e+01,-2.842199154053403731e+00,4.431736138976671846e-02,9.088916253443157789e-01,5.119100889370727714e+00,4.663361390418573893e-01,1.000000000000000000e+00,8.415604973647049514e-01,5.533558793182564273e+00
-2.426723456793520839e+01,1.653759093707742878e+01,2.922911352366677562e+01,-2.836812019023872367e+00,4.480810882663899264e-02,9.078141450013164082e-01,5.119205564509172746e+00,4.663344962874750865e-01,1.000000000000000000e+00,8.415604973647049514e-01,5.533558793182564273e+00
-2.427067440978296986e+01,1.653330804070881399e+01,2.923006830791269195e+01,-2.831424694839073553e+00,4.529886173140540429e-02,9.067366610845302155e-01,5.119310037985327355e+00,4.663328354909218043e-01,1.000000000000000000e+00,8.415604973647049514e-01,5.533558793182564273e+00
-2.427416327604705870e+01,1.652896225141068953e+01,2.923103580800701806e+01,-2.825958971743125048e+00,4.579674428612356962e-02,9.056435321029033814e-01,5.119415821996506466e+00,4.663311321491100947e-01,1.000000000000000000e+00,8.415604973647049514e-01,5.533558793182564273e+00
-2.427760132273625260e+01,1.652467793650345484e+01,2.923198833613840719e+01,-2.820571267198744181e+00,4.628750814257465152e-02,9.045660410891809278e-01,5.119519889237699850e+00,4.663294350088734719e-01,1.000000000000000000e+00,8.415604973647049514e-01,5.533558793182564273e+00
-2.428103847809338234e+01,1.652039291771296803e+01,2.923293974428015574e+01,-2.815183374190914023e+00,4.677827740390072542e-02,9.034885466034385804e-01,5.119623754833566132e+00,4.663277198290183834e-01,1.000000000000000000e+00,8.415604973647049514e-01,5.533558793182564273e+00
-2.428447474197219691e+01,1.651610719522155080e+01,2.923389003239177697e+01,-2.809795292948885859e+00,4.726905204922005055e-02,9.024110486793760488e-01,5.119727418789747908e+00,4.663259866103922624e-01,1.000000000000000000e+00,8.415604973647049514e-01,5.533558793182564273e+00
-2.428795997772621362e+01,1.651175853952394945e+01,2.923485297091660229e+01,-2.804328802747786398e+00,4.776695657428442487e-02,9.013179056257057953e-01,5.119832381552543943e+00,4.663242097986582402e-01,1.000000000000000000e+00,8.415604973647049514e-01,5.533558793182564273e+00
-2.429139444526223457e+01,1.650747139997026025e+01,2.923580100258590164e+01,-2.798940343002504605e+00,4.825774200220034338e-02,9.002404008777156186e-01,5.119935639319334264e+00,4.663224402432019078e-01,1.000000000000000000e+00,8.415604973647049514e-01,5.533558793182564273e+00
-2.429482802087886739e+01,1.650318355726598796e+01,2.923674791410321561e+01,-2.793551695714837635e+00,4.874853275109680695e-02,8.991628927931135662e-01,5.120038695463451361e+00,4.663206526515305539e-01,1.000000000000000000e+00,8.415604973647049514e-01,5.533558793182564273e+00
-2.429826070442944186e+01,1.649889501159428917e+01,2.923769370542809298e+01,-2.788162861114964031e+00,4.923932880000925216e-02,8.980853814057682127e-01,5.120141549990533392e+00,4.663188470244932771e-01,1.000000000000000000e+00,8.415604973647049514e-01,5.533558793182564273e+00
-2.430169249576796275e+01,1.649460576313757088e+01,2.923863837652030639e+01,-2.782773839432085339e+00,4.973013012806326572e-02,8.970078667493434077e-01,5.120244202906240716e+00,4.663170233629386208e-01,1.000000000000000000e+00,8.415604973647049514e-01,5.533558793182564273e+00
-2.430517319330629178e+01,1.649025353122499737e+01,2.923959561627886572e+01,-2.777306396313774073e+00,5.022806161612747289e-02,8.959147068931917479e-01,5.120348139980616331e+00,4.663151547996969293e-01,1.000000000000000000e+00,8.415604973647049514e-01,5.533558793182564273e+00
-2.430860318682492860e+01,1.648596286755097751e+01,2.924053803052159139e+01,-2.771916998446119607e+00,5.071887351561654711e-02,8.948371857535802887e-01,5.120450386764037631e+00,4.663132948098859809e-01,1.000000000000000000e+00,8.415604973647049514e-01,5.533558793182564273e+00
-2.431203228769093627e+01,1.648167150164282901e+01,2.924147932441049136e+01,-2.766527414187514466e+00,5.120969063122071674e-02,8.937596614465723732e-01,5.120552431953153238e+00,4.663114167881186600e-01,1.000000000000000000e+00,8.415604973647049514e-01,5.533558793182564273e+00
-2.431546049575844037e+01,1.647737943368309743e+01,2.924241949790552297e+01,-2.761137643767218819e+00,5.170051294206090553e-02,8.926821340058295196e-01,5.120654275553635948e+00,4.663095207352449534e-01,1.000000000000000000e+00,8.415604973647049514e-01,5.533558793182564273e+00
-2.431888781088106910e+01,1.647308666385503884e+01,2.924335855096654058e+01,-2.755747687415361469e+00,5.219134042718098776e-02,8.916046034651767815e-01,5.120755917571151450e+00,4.663076066521155139e-01,1.000000000000000000e+00,8.415604973647049514e-01,5.533558793182564273e+00
-2.432236396647525112e+01,1.646873086038953105e+01,2.924431009093346034e+01,-2.750279297236463805e+00,5.268929834486879571e-02,8.905114276670590412e-01,5.120858829101535115e+00,4.663056463590378731e-01,1.000000000000000000e+00,8.415604973647049514e-01,5.533558793182564273e+00
-2.432578948230282379e+01,1.646443667719067960e+01,2.924524688674024375e+01,-2.744888967018733084e+00,5.318013619024930527e-02,8.894338909837989915e-01,5.120960065044060094e+00,4.663036959562412709e-01,1.000000000000000000e+00,8.415604973647049514e-01,5.533558793182564273e+00
-2.432921410474555302e+01,1.646014179267480770e+01,2.924618256199258326e+01,-2.739498451561562575e+00,5.367097914688412352e-02,8.883563513022532110e-01,5.121061099420741947e+00,4.663017275257543837e-01,1.000000000000000000e+00,8.415604973647049514e-01,5.533558793182564273e+00
-2.433263783365772781e+01,1.645584620702466339e+01,2.924711711665066716e+01,-2.734107751094313699e+00,5.416182719388817901e-02,8.872788086560763343e-01,5.121161932237274783e+00,4.662997410684290300e-01,1.000000000000000000e+00,8.415604973647049514e-01,5.533558793182564273e+00
-2.433606066889366559e+01,1.645154992042300179e+01,2.924805055067471926e+01,-2.728716865846344319e+00,5.465268031037706642e-02,8.862012630789175560e-01,5.121262563499354492e+00,4.662977365851165845e-01,1.000000000000000000e+00,8.415604973647049514e-01,5.533558793182564273e+00
-2.433953227882060233e+01,1.644719055006979147e+01,2.924899638983086447e+01,-2.723247534463718367e+00,5.515066412435687404e-02,8.851080721987738542e-01,5.121364449630672055e+00,4.662956845839130171e-01,1.000000000000000000e+00,8.415604973647049514e-01,5.533558793182564273e+00
-2.434295331328773671e+01,1.644289285194598804e+01,2.924992756619822032e+01,-2.717856277669969955e+00,5.564152738984873281e-02,8.840305208195817777e-01,5.121464674875234380e+00,4.662936437895385255e-01,1.000000000000000000e+00,8.415604973647049514e-01,5.533558793182564273e+00
-2.434637345363927352e+01,1.643859445342240377e+01,2.925085762181184990e+01,-2.712464836787711775e+00,5.613239566180028284e-02,8.829529666109745545e-01,5.121564698582527164e+00,4.662915849717472194e-01,1.000000000000000000e+00,8.415604973647049514e-01,5.533558793182564273e+00
-2.434979269972914295e+01,1.643429535468260738e+01,2.925178655663203031e+01,-2.707073212047189870e+00,5.662326891924762684e-02,8.818754096067621395e-01,5.121664520758246297e+00,4.662895081313924717e-01,1.000000000000000000e+00,8.415604973647049514e-01,5.533558793182564273e+00
-2.435326066781009757e+01,1.642993313211930229e+01,2.925272783110838759e+01,-2.701603131378904621e+00,5.712127308081282884e-02,8.807822072718397566e-01,5.121765586081397537e+00,4.662873827262645210e-01,1.000000000000000000e+00,8.415604973647049514e-01,5.533558793182564273e+00
-2.435667811195315124e+01,1.642563262333787932e+01,2.925365450795152711e+01,-2.696211136949601794e+00,5.761215631819149863e-02,8.797046447379890388e-01,5.121865002285762358e+00,4.662852695817473747e-01,1.000000000000000000e+00,8.415604973647049514e-01,5.533558793182564273e+00
-2.436009466139597990e+01,1.642133141489188475e+01,2.925458006388218024e+01,-2.690818959353778794e+00,5.810304447808856132e-02,8.786270795099480058e-01,5.121964216975791295e+00,4.662831384172403393e-01,1.000000000000000000e+00,8.415604973647049514e-01,5.533558793182564273e+00
-2.436351031599269135e+01,1.641702950696499386e+01,2.925550449886082660e+01,-2.685426598821697652e+00,5.859393753954256212e-02,8.775495116215080715e-01,5.122063230157197111e+00,4.662809892335978423e-01,1.000000000000000000e+00,8.415604973647049514e-01,5.533558793182564273e+00
-2.436692507559797249e+01,1.641272689974022825e+01,2.925642781284814475e+01,-2.680034055582769525e+00,5.908483548166842958e-02,8.764719411062855681e-01,5.122162041835710333e+00,4.662788220316746446e-01,1.000000000000000000e+00,8.415604973647049514e-01,5.533558793182564273e+00
-2.437033894006652446e+01,1.640842359340066281e+01,2.925735000580483813e+01,-2.674641329866448203e+00,5.957573828357887180e-02,8.753943679978987147e-01,5.122260652017065041e+00,4.662766368123255623e-01,1.000000000000000000e+00,8.415604973647049514e-01,5.533558793182564273e+00
-2.437380144750858335e+01,1.640405710328374411e+01,2.925828444030629072e+01,-2.669170133651864063e+00,6.007377228995314233e-02,8.743011495320455184e-01,5.122360487786942862e+00,4.662744014601564735e-01,1.000000000000000000e+00,8.415604973647049514e-01,5.533558793182564273e+00
-2.437721350826729960e+01,1.639975238912301592e+01,2.925920437480878888e+01,-2.663777041030069626e+00,6.056468481841625895e-02,8.732235713020648493e-01,5.122458692066320651e+00,4.662721799470007644e-01,1.000000000000000000e+00,8.415604973647049514e-01,5.533558793182564273e+00
-2.438062467345107009e+01,1.639544697640010540e+01,2.926012318816240310e+01,-2.658383766623311217e+00,6.105560214363281446e-02,8.721459905803878865e-01,5.122556694865835425e+00,4.662699404189982744e-01,1.000000000000000000e+00,8.415604973647049514e-01,5.533558793182564273e+00
-2.438403494291421580e+01,1.639114086529889036e+01,2.926104088032789363e+01,-2.652990310661925477e+00,6.154652424463713523e-02,8.710684074007902788e-01,5.122654496191224816e+00,4.662676828770056514e-01,1.000000000000000000e+00,8.415604973647049514e-01,5.533558793182564273e+00
-2.438744431651169009e+01,1.638683405600251675e+01,2.926195745126623038e+01,-2.647596673375304022e+00,6.203745110054881273e-02,8.699908217968578272e-01,5.122752096048240666e+00,4.662654073218789885e-01,1.000000000000000000e+00,8.415604973647049514e-01,5.533558793182564273e+00
-2.439090226714606047e+01,1.638246401301697475e+01,2.926288618193602886e+01,-2.642124553534186404e+00,6.253550940300001137e-02,8.688975908264283676e-01,5.122850906856710296e+00,4.662630803269475210e-01,1.000000000000000000e+00,8.415604973647049514e-01,5.533558793182564273e+00
-2.439430983556624000e+01,1.637815579775198671e+01,2.926380049402508732e+01,-2.636730551662582300e+00,6.302644577424687533e-02,8.678200004408231916e-01,5.122948100869806787e+00,4.662607684866649782e-01,1.000000000000000000e+00,8.415604973647049514e-01,5.533558793182564273e+00
-2.439771650768305378e+01,1.637384688484498341e+01,2.926471368476943979e+01,-2.631336369158384869e+00,6.351738683735930202e-02,8.667424077323182541e-01,5.123045093431882968e+00,4.662584386358321620e-01,1.000000000000000000e+00,8.415604973647049514e-01,5.533558793182564273e+00
-2.440112228335155464e+01,1.636953727447930618e+01,2.926562575413023026e+01,-2.625942006251108296e+00,6.400833257144777910e-02,8.656648127345026866e-01,5.123141884548704894e+00,4.662560907753068307e-01,1.000000000000000000e+00,8.415604973647049514e-01,5.533558793182564273e+00
-2.440452716242634423e+01,1.636522696683893585e+01,2.926653670206851388e+01,-2.620547463171046587e+00,6.449928295555373836e-02,8.645872154811161669e-01,5.123238474226034178e+00,4.662537249059471867e-01,1.000000000000000000e+00,8.415604973647049514e-01,5.533558793182564273e+00
-2.440798055254892418e+01,1.636085337566589359e+01,2.926745972791182737e+01,-2.615074425565040883e+00,6.499736502056929766e-02,8.634939728645484314e-01,5.123336260219931937e+00,4.662513062901186833e-01,1.000000000000000000e+00,8.415604973647049514e-01,5.533558793182564273e+00
-2.441138362498090686e+01,1.635654166391094222e+01,2.926836841660817612e+01,-2.609679520220851145e+00,6.548832470878473977e-02,8.624163711692419687e-01,5.123432444111591266e+00,4.662489041442688942e-01,1.000000000000000000e+00,8.415604973647049514e-01,5.533558793182564273e+00
-2.441478580038209145e+01,1.635222925543485673e+01,2.926927598376520834e+01,-2.604284435396587938e+00,6.597928898397609210e-02,8.613387673197423489e-01,5.123528426581163586e+00,4.662464839921731108e-01,1.000000000000000000e+00,8.415604973647049514e-01,5.533558793182564273e+00
-2.441818707860770132e+01,1.634791615042114188e+01,2.927018242934429182e+01,-2.598889171321825842e+00,6.647025782525139981e-02,8.602611613496272680e-01,5.123624207634438044e+00,4.662440458346904792e-01,1.000000000000000000e+00,8.415604973647049514e-01,5.533558793182564273e+00
-2.442158745951306287e+01,1.634360234905325626e+01,2.927108775330687251e+01,-2.593493728226057726e+00,6.696123121172736781e-02,8.591835532924517738e-01,5.123719787277208226e+00,4.662415896726803677e-01,1.000000000000000000e+00,8.415604973647049514e-01,5.533558793182564273e+00
-2.442498694295296247e+01,1.633928785151541163e+01,2.927199195561428269e+01,-2.588098106339687732e+00,6.745220912243743427e-02,8.581059431819494376e-01,5.123815165515249070e+00,4.662391155070028659e-01,1.000000000000000000e+00,8.415604973647049514e-01,5.533558793182564273e+00
-2.442843485822358218e+01,1.633491001075075388e+01,2.927290813766536104e+01,-2.582623975679203099e+00,6.795031898511427748e-02,8.570126877282734368e-01,5.123911722519381762e+00,4.662365870280392732e-01,1.000000000000000000e+00,8.415604973647049514e-01,5.533558793182564273e+00
-2.443183253326528970e+01,1.633059411132432004e+01,2.927381008026303277e+01,-2.577227994313192383e+00,6.844130594654540545e-02,8.559350735831990908e-01,5.124006695041862791e+00,4.662340765962857958e-01,1.000000000000000000e+00,8.415604973647049514e-01,5.533558793182564273e+00
-2.443522931040511281e+01,1.632627751628206170e+01,2.927471090108956986e+01,-2.571831834849474419e+00,6.893229736916173245e-02,8.548574574861268482e-01,5.124101466177092945e+00,4.662315481634586867e-01,1.000000000000000000e+00,8.415604973647049514e-01,5.533558793182564273e+00
-2.443862518949858043e+01,1.632196022580757599e+01,2.927561060010666338e+01,-2.566435497517563391e+00,6.942329323207996339e-02,8.537798394705908844e-01,5.124196035930883575e+00,4.662290017304187573e-01,1.000000000000000000e+00,8.415604973647049514e-01,5.533558793182564273e+00
-2.444202017040101893e+01,1.631764224008479403e+01,2.927650917727598312e+01,-2.561038982547360732e+00,6.991429351438216422e-02,8.527022195702022023e-01,5.124290404309042479e+00,4.662264372980274296e-01,1.000000000000000000e+00,8.415604973647049514e-01,5.533558793182564273e+00
-2.444546351703122156e+01,1.631326086144041199e+01,2.927741965233428090e+01,-2.555563947015990323e+00,7.041242596626995365e-02,8.516089543566592868e-01,5.124385936823269816e+00,4.662238172463926689e-01,1.000000000000000000e+00,8.415604973647049514e-01,5.533558793182564273e+00
-2.444885668807385670e+01,1.630894147568682584e+01,2.927831596940642811e+01,-2.550167074888413765e+00,7.090343508799490380e-02,8.505313307612020202e-01,5.124479899544523320e+00,4.662212165566249622e-01,1.000000000000000000e+00,8.415604973647049514e-01,5.533558793182564273e+00
-2.445224896048964425e+01,1.630462139523948650e+01,2.927921116451556927e+01,-2.544770025815507708e+00,7.139444856605647871e-02,8.494537053821620276e-01,5.124573660907675965e+00,4.662185978701040012e-01,1.000000000000000000e+00,8.415604973647049514e-01,5.533558793182564273e+00
-2.445564033413428007e+01,1.630030062028215809e+01,2.928010523762360862e+01,-2.539372800026855614e+00,7.188546637956738650e-02,8.483760782530631595e-01,5.124667220918561306e+00,4.662159611876924847e-01,1.000000000000000000e+00,8.415604973647049514e-01,5.533558793182564273e+00
-2.445903080886295200e+01,1.629597915099935079e+01,2.928099818869238646e+01,-2.533975397752929126e+00,7.237648850756062124e-02,8.472984494076060136e-01,5.124760579582995135e+00,4.662133065102533336e-01,1.000000000000000000e+00,8.415604973647049514e-01,5.533558793182564273e+00
-2.446242038453139500e+01,1.629165698757493175e+01,2.928189001768389588e+01,-2.528577819223373879e+00,7.286751492914378403e-02,8.462208188793206576e-01,5.124853736906811896e+00,4.662106338386495241e-01,1.000000000000000000e+00,8.415604973647049514e-01,5.533558793182564273e+00
-2.446585824657379149e+01,1.628727137171378558e+01,2.928279364636929571e+01,-2.523101706106292141e+00,7.336567377122116262e-02,8.451275430900214714e-01,5.124948040822062012e+00,4.662079039818344262e-01,1.000000000000000000e+00,8.415604973647049514e-01,5.533558793182564273e+00
-2.446924601063211213e+01,1.628294781048856166e+01,2.928368321480219549e+01,-2.517703773204928552e+00,7.385670877880801122e-02,8.440499092735949116e-01,5.125040792559579117e+00,4.662051950633084862e-01,1.000000000000000000e+00,8.415604973647049514e-01,5.533558793182564273e+00
-2.447263287519510655e+01,1.627862355567677000e+01,2.928457166104346499e+01,-2.512305664740997813e+00,7.434774801693744273e-02,8.429722738755438538e-01,5.125133342974081962e+00,4.662024681532217496e-01,1.000000000000000000e+00,8.415604973647049514e-01,5.533558793182564273e+00
-2.447601884011865536e+01,1.627429860746242696e+01,2.928545898505530332e+01,-2.506907380944211283e+00,7.483879146471439370e-02,8.418946369293904830e-01,5.125225692071420980e+00,4.661997232524383028e-01,1.000000000000000000e+00,8.415604973647049514e-01,5.533558793182564273e+00
-2.447940390525822352e+01,1.626997296603014576e+01,2.928634518679982790e+01,-2.501508922044996197e+00,7.532983910117785342e-02,8.408169984687958731e-01,5.125317839857435054e+00,4.661969603618228430e-01,1.000000000000000000e+00,8.415604973647049514e-01,5.533558793182564273e+00
-2.448278807046975203e+01,1.626564663156401025e+01,2.928723026623933379e+01,-2.496110288273097666e+00,7.582089090543098209e-02,8.397393585272823202e-01,5.125409786337985274e+00,4.661941794822404561e-01,1.000000000000000000e+00,8.415604973647049514e-01,5.533558793182564273e+00
-2.448622044262699049e+01,1.626125678524384810e+01,2.928812704715944548e+01,-2.490633106008381503e+00,7.631907537009086084e-02,8.386460733944204327e-01,5.125502861868528548e+00,4.661913398519436091e-01,1.000000000000000000e+00,8.415604973647049514e-01,5.533558793182564273e+00
-2.448960279448087718e+01,1.625692905520903864e+01,2.928900986558237918e+01,-2.485234120650757106e+00,7.681013550691684344e-02,8.375684305714542477e-01,5.125594402833657526e+00,4.661885227359153783e-01,1.000000000000000000e+00,8.415604973647049514e-01,5.533558793182564273e+00
-2.449298424597229484e+01,1.625260063269599797e+01,2.928989156158678853e+01,-2.479834961113692060e+00,7.730119974847715625e-02,8.364907863687216505e-01,5.125685742510985854e+00,4.661856876335291333e-01,1.000000000000000000e+00,8.415604973647049514e-01,5.533558793182564273e+00
-2.449636479695741542e+01,1.624827151788883128e+01,2.929077213513516753e+01,-2.474435627626833778e+00,7.779226807388472942e-02,8.354131408197066344e-01,5.125776880906391497e+00,4.661828345456510703e-01,1.000000000000000000e+00,8.415604973647049514e-01,5.533558793182564273e+00
-2.449974444729185663e+01,1.624394171097243245e+01,2.929165158618990716e+01,-2.469036120420785352e+00,7.828334046216656184e-02,8.343354939580754914e-01,5.125867818025733769e+00,4.661799634731477737e-01,1.000000000000000000e+00,8.415604973647049514e-01,5.533558793182564273e+00
-2.450312319683187923e+01,1.623961121213094927e+01,2.929252991471360090e+01,-2.463636439725188865e+00,7.877441689243691592e-02,8.332578458173023339e-01,5.125958553874897738e+00,4.661770744168859393e-01,1.000000000000000000e+00,8.415604973647049514e-01,5.533558793182564273e+00
-2.450650104543366581e+01,1.623528002154871075e+01,2.929340712066886709e+01,-2.458236585769885352e+00,7.926549734379295664e-02,8.321801964308923605e-01,5.126049088459760483e+00,4.661741673777322625e-01,1.000000000000000000e+00,8.415604973647049514e-01,5.533558793182564273e+00
-2.450992700825271697e+01,1.623088524994014037e+01,2.929429591353924778e+01,-2.452758167257860222e+00,7.976371072143439989e-02,8.310869019565811922e-01,5.126140731640719927e+00,4.661711997626618031e-01,1.000000000000000000e+00,8.415604973647049514e-01,5.533558793182564273e+00
-2.451330304146216221e+01,1.622655266639540983e+01,2.929517085794820730e+01,-2.447357964967093125e+00,8.025479920975642223e-02,8.300092501627780450e-01,5.126230860793163480e+00,4.661682564993077649e-01,1.000000000000000000e+00,8.415604973647049514e-01,5.533558793182564273e+00
-2.451667817329979826e+01,1.622221939166610838e+01,2.929604467967626036e+01,-2.441957590109941734e+00,8.074589165611278929e-02,8.289315972244101216e-01,5.126320788699056941e+00,4.661652952556775698e-01,1.000000000000000000e+00,8.415604973647049514e-01,5.533558793182564273e+00
-2.452005240362151639e+01,1.621788542593725069e+01,2.929691737868609280e+01,-2.436557042916984273e+00,8.123698803953494085e-02,8.278539431751106292e-01,5.126410515364283604e+00,4.661623160326393567e-01,1.000000000000000000e+00,8.415604973647049514e-01,5.533558793182564273e+00
-2.452342573228375500e+01,1.621355076939323325e+01,2.929778895494056812e+01,-2.431156323617999604e+00,8.172808833912870163e-02,8.267762880483515708e-01,5.126500040794747193e+00,4.661593188310619862e-01,1.000000000000000000e+00,8.415604973647049514e-01,5.533558793182564273e+00
-2.452679815914281747e+01,1.620921542221870126e+01,2.929865940840256755e+01,-2.425755432443040149e+00,8.221919253397436123e-02,8.256986318776536882e-01,5.126589364996349651e+00,4.661563036518138192e-01,1.000000000000000000e+00,8.415604973647049514e-01,5.533558793182564273e+00
-2.453021862063048886e+01,1.620481643481220146e+01,2.929954135052763320e+01,-2.420275963067730629e+00,8.271742987126007307e-02,8.246053307265134302e-01,5.126679780259597585e+00,4.661532263321545577e-01,1.000000000000000000e+00,8.415604973647049514e-01,5.533558793182564273e+00
-2.453358923035589356e+01,1.620047969691177414e+01,2.930040954199295555e+01,-2.414874726344327982e+00,8.320854184963533129e-02,8.235276725545539467e-01,5.126768699100248128e+00,4.661501749392292226e-01,1.000000000000000000e+00,8.415604973647049514e-01,5.533558793182564273e+00
-2.453695893784522042e+01,1.619614226893758513e+01,2.930127661055418997e+01,-2.409473318438454470e+00,8.369965766020359688e-02,8.224500134396763862e-01,5.126857416729849959e+00,4.661471055712540501e-01,1.000000000000000000e+00,8.415604973647049514e-01,5.533558793182564273e+00
-2.454032774295508190e+01,1.619180415107420856e+01,2.930214255617443087e+01,-2.404071739579956457e+00,8.419077728206714184e-02,8.213723534153413164e-01,5.126945933154326340e+00,4.661440182290989553e-01,1.000000000000000000e+00,8.415604973647049514e-01,5.533558793182564273e+00
-2.454369564554164640e+01,1.618746534350683319e+01,2.930300737881669448e+01,-2.398669989999428154e+00,8.468190069425873823e-02,8.202946925151572977e-01,5.127034248379588099e+00,4.661409129136346308e-01,1.000000000000000000e+00,8.415604973647049514e-01,5.533558793182564273e+00
-2.454706264546162586e+01,1.618312584642007224e+01,2.930387107844420314e+01,-2.393268069926707042e+00,8.517302787588221236e-02,8.192170307725701317e-01,5.127122362411562939e+00,4.661377896257314357e-01,1.000000000000000000e+00,8.415604973647049514e-01,5.533558793182564273e+00
-2.455042874257177488e+01,1.617878565999854956e+01,2.930473365502021110e+01,-2.387865979591616394e+00,8.566415880604316690e-02,8.181393682210239549e-01,5.127210275256185668e+00,4.661346483662602846e-01,1.000000000000000000e+00,8.415604973647049514e-01,5.533558793182564273e+00
-2.455384278139489140e+01,1.617438176442043840e+01,2.930560760564885570e+01,-2.382385295298208305e+00,8.616242311674771059e-02,8.170460608366730826e-01,5.127299258716713659e+00,4.661314431423549398e-01,1.000000000000000000e+00,8.415604973647049514e-01,5.533558793182564273e+00
-2.455720705934374237e+01,1.617004018988463443e+01,2.930646791970725573e+01,-2.376982862666300989e+00,8.665356153479919499e-02,8.159683967573344576e-01,5.127386766284062425e+00,4.661282656815066150e-01,1.000000000000000000e+00,8.415604973647049514e-01,5.533558793182564273e+00
-2.456057043405064988e+01,1.616569792657146465e+01,2.930732711060353779e+01,-2.371580260465707468e+00,8.714470363832260702e-02,8.148907319699929541e-01,5.127474072681950545e+00,4.661250702517173994e-01,1.000000000000000000e+00,8.415604973647049514e-01,5.533558793182564273e+00
-2.456393290537200969e+01,1.616135497466631321e+01,2.930818517830100944e+01,-2.366177488927085903e+00,8.763584940634983056e-02,8.138130665082426995e-01,5.127561177916307500e+00,4.661218568538595397e-01,1.000000000000000000e+00,8.415604973647049514e-01,5.533558793182564273e+00
-2.456729447316476111e+01,1.615701133435397097e+01,2.930904212276316656e+01,-2.360774548280318186e+00,8.812699881798313761e-02,8.127354004055113990e-01,5.127648081993086748e+00,4.661186254888051717e-01,1.000000000000000000e+00,8.415604973647049514e-01,5.533558793182564273e+00
-2.457065513728585771e+01,1.615266700581927495e+01,2.930989794395355119e+01,-2.355371438755316404e+00,8.861815185232257974e-02,8.116577336952314203e-01,5.127734784918242639e+00,4.661153761574272081e-01,1.000000000000000000e+00,8.415604973647049514e-01,5.533558793182564273e+00
-2.457401489759186930e+01,1.614832198924762707e+01,2.931075264183562012e+01,-2.349968160582674770e+00,8.910930848840648011e-02,8.105800664109659159e-01,5.127821286697719749e+00,4.661121088605984508e-01,1.000000000000000000e+00,8.415604973647049514e-01,5.533558793182564273e+00
-2.457742250659523719e+01,1.614391319472766639e+01,2.931161859913621726e+01,-2.344486272857675857e+00,8.960759872825918571e-02,8.094867544651386249e-01,5.127908838651805468e+00,4.661087757759498906e-01,1.000000000000000000e+00,8.415604973647049514e-01,5.533558793182564273e+00
-2.458078044571664833e+01,1.613956679265559302e+01,2.931247103398463594e+01,-2.339082655639728614e+00,9.009876255665427713e-02,8.084090861260633254e-01,5.127994935238070262e+00,4.661054722900734304e-01,1.000000000000000000e+00,8.415604973647049514e-01,5.533558793182564273e+00
-2.458413748059162174e+01,1.613521970310465647e+01,2.931332234541512705e+01,-2.333678870468064659e+00,9.058992992371783792e-02,8.073314173139110039e-01,5.128080830696625902e+00,4.661021508413799030e-01,1.000000000000000000e+00,8.415604973647049514e-01,5.533558793182564273e+00
-2.458749361107737030e+01,1.613087192625976840e+01,2.931417253339148843e+01,-2.328274917572541014e+00,9.108110080855769120e-02,8.062537480620779462e-01,5.128166525033445389e+00,4.660988114307432206e-01,1.000000000000000000e+00,8.415604973647049514e-01,5.533558793182564273e+00
-2.459084883703107494e+01,1.612652346230593281e+01,2.931502159787754280e+01,-2.322870797183105296e+00,9.157227519027344442e-02,8.051760784039770913e-01,5.128252018254504385e+00,4.660954540590376283e-01,1.000000000000000000e+00,8.415604973647049514e-01,5.533558793182564273e+00
-2.459420315830950088e+01,1.612217431142879320e+01,2.931586953883703117e+01,-2.317466509530472507e+00,9.206345304789609330e-02,8.040984083731665955e-01,5.128337310365769675e+00,4.660920787271382038e-01,1.000000000000000000e+00,8.415604973647049514e-01,5.533558793182564273e+00
-2.459755657476994273e+01,1.611782447381337846e+01,2.931671635623389705e+01,-2.312062054844554737e+00,9.255463436052924209e-02,8.030207380030415232e-01,5.128422401373227579e+00,4.660886854359198583e-01,1.000000000000000000e+00,8.415604973647049514e-01,5.533558793182564273e+00
-2.460090908626969153e+01,1.611347394964480628e+01,2.931756205003208748e+01,-2.306657433355351117e+00,9.304581910726938965e-02,8.019430673270088183e-01,5.128507291282861758e+00,4.660852741862577808e-01,1.000000000000000000e+00,8.415604973647049514e-01,5.533558793182564273e+00
-2.460430934006767245e+01,1.610905956909316572e+01,2.931841887224330279e+01,-2.301174184698815850e+00,9.354413769448077787e-02,8.008497522142323799e-01,5.128593208017089289e+00,4.660817950662272113e-01,1.000000000000000000e+00,8.415604973647049514e-01,5.533558793182564273e+00
-2.460766002807502062e+01,1.610470766241513019e+01,2.931926230242382658e+01,-2.295769227881375940e+00,9.403532929569191623e-02,7.997720810236403910e-01,5.128677692829984203e+00,4.660783476416409110e-01,1.000000000000000000e+00,8.415604973647049514e-01,5.533558793182564273e+00
-2.461100981069131777e+01,1.610035506974264408e+01,2.932010460889723902e+01,-2.290364104954642599e+00,9.452652426794072582e-02,7.986944096279492422e-01,5.128761976563115610e+00,4.660748822612514330e-01,1.000000000000000000e+00,8.415604973647049514e-01,5.533558793182564273e+00
-2.461435868777356006e+01,1.609600179126151431e+01,2.932094579162757242e+01,-2.284958816149353922e+00,9.501772259025753620e-02,7.976167380606968837e-01,5.128846059222470721e+00,4.660713989259355206e-01,1.000000000000000000e+00,8.415604973647049514e-01,5.533558793182564273e+00
-2.461770665917925172e+01,1.609164782715699360e+01,2.932178585057904741e+01,-2.279553361695525027e+00,9.550892424174084461e-02,7.965390663552701644e-01,5.128929940814059840e+00,4.660678976365700277e-01,1.000000000000000000e+00,8.415604973647049514e-01,5.533558793182564273e+00
-2.462105372476581522e+01,1.608729317761448030e+01,2.932262478571587749e+01,-2.274147741823338009e+00,9.600012920147338313e-02,7.954613945450846879e-01,5.129013621343884388e+00,4.660643783940319196e-01,1.000000000000000000e+00,8.415604973647049514e-01,5.533558793182564273e+00
-2.462439988439080452e+01,1.608293784281931593e+01,2.932346259700236857e+01,-2.268741956762855949e+00,9.649133744854965222e-02,7.943837226635281912e-01,5.129097100817958221e+00,4.660608411991983835e-01,1.000000000000000000e+00,8.415604973647049514e-01,5.533558793182564273e+00
-2.462774513791137565e+01,1.607858182295741400e+01,2.932429928440274125e+01,-2.263336006744840034e+00,9.698254896200086961e-02,7.933060507441229703e-01,5.129180379242286314e+00,4.660572860529476058e-01,1.000000000000000000e+00,8.415604973647049514e-01,5.533558793182564273e+00
-2.463113802720076961e+01,1.607416186845199135e+01,2.932514696918029173e+01,-2.257851412159119775e+00,9.748089453315444963e-02,7.922127346436648176e-01,5.129264661147026949e+00,4.660536609546153120e-01,1.000000000000000000e+00,8.415604973647049514e-01,5.533558793182564273e+00
-2.463448145492676744e+01,1.606980446907455118e+01,2.932598139238534785e+01,-2.252445130529830308e+00,9.797211256331084250e-02,7.911350627493292098e-01,5.129347534571577327e+00,4.660500696476013172e-01,1.000000000000000000e+00,8.415604973647049514e-01,5.533558793182564273e+00
-2.463782397611891994e+01,1.606544638518980150e+01,2.932681469159700782e+01,-2.247038684637178818e+00,9.846333379676774911e-02,7.900573909178794096e-01,5.129430206964531003e+00,4.660464603918176851e-01,1.000000000000000000e+00,8.415604973647049514e-01,5.533558793182564273e+00
-2.464116559063499423e+01,1.606108761698319398e+01,2.932764686677980848e+01,-2.241632074711231937e+00,9.895455821262189033e-02,7.889797191826792844e-01,5.129512678331915154e+00,4.660428331881430464e-01,1.000000000000000000e+00,8.415604973647049514e-01,5.533558793182564273e+00
-2.464450629833286044e+01,1.605672816464010921e+01,2.932847791789836123e+01,-2.236225300981935504e+00,9.944578578998108931e-02,7.879020475770660559e-01,5.129594948679768507e+00,4.660391880374565310e-01,1.000000000000000000e+00,8.415604973647049514e-01,5.533558793182564273e+00
-2.464784609906982382e+01,1.605236802834676624e+01,2.932930784491716381e+01,-2.230818363680244332e+00,9.993701650786213087e-02,7.868243761345731224e-01,5.129677018014113798e+00,4.660355249406379352e-01,1.000000000000000000e+00,8.415604973647049514e-01,5.533558793182564273e+00
-2.465118499270382912e+01,1.604800720828860605e+01,2.933013664780091290e+01,-2.225411263036125575e+00,1.004282503453721720e-01,7.857467048885306005e-01,5.129758886340995083e+00,4.660318438985667222e-01,1.000000000000000000e+00,8.415604973647049514e-01,5.533558793182564273e+00
-2.465452297909280333e+01,1.604364570465120110e+01,2.933096432651434426e+01,-2.220003999279668960e+00,1.009194872816074895e-01,7.846690338722911440e-01,5.129840553666457303e+00,4.660281449121230213e-01,1.000000000000000000e+00,8.415604973647049514e-01,5.533558793182564273e+00
-2.465786005809424708e+01,1.603928351762074200e+01,2.933179088102212972e+01,-2.214596572641712058e+00,1.014107272955975247e-01,7.835913631193500706e-01,5.129922019996540072e+00,4.660244279821872393e-01,1.000000000000000000e+00,8.415604973647049514e-01,5.533558793182564273e+00
-2.466124465288709189e+01,1.603485730813077836e+01,2.933262828548541634e+01,-2.209110482122037311e+00,1.019091015882702678e-01,7.824980485100002658e-01,5.130004463557098049e+00,4.660206387597157218e-01,1.000000000000000000e+00,8.415604973647049514e-01,5.533558793182564273e+00
-2.466457990351016960e+01,1.603049374495722290e+01,2.933345257515547644e+01,-2.203702728055180415e+00,1.024003477389836547e-01,7.814203783887038179e-01,5.130085524997023860e+00,4.660168856849905561e-01,1.000000000000000000e+00,8.415604973647049514e-01,5.533558793182564273e+00
-2.466791424631730933e+01,1.602612949895085137e+01,2.933427574051388476e+01,-2.198294811801218884e+00,1.028915969043704415e-01,7.803427086313584615e-01,5.130166385459816070e+00,4.660131146694293514e-01,1.000000000000000000e+00,8.415604973647049514e-01,5.533558793182564273e+00
-2.467124768116666544e+01,1.602176457029733925e+01,2.933509778152563641e+01,-2.192886733590219350e+00,1.033828490635313457e-01,7.792650392712890950e-01,5.130247044951535607e+00,4.660093257139129586e-01,1.000000000000000000e+00,8.415604973647049514e-01,5.533558793182564273e+00
-2.467458020791639939e+01,1.601739895918240464e+01,2.933591869815573716e+01,-2.187478493652292855e+00,1.038741041955639766e-01,7.781873703418240584e-01,5.130327503478252282e+00,4.660055188193231723e-01,1.000000000000000000e+00,8.415604973647049514e-01,5.533558793182564273e+00
-2.467791182642423919e+01,1.601303266579241935e+01,2.933673849036915371e+01,-2.182070092218319601e+00,1.043653622794962210e-01,7.771097018764385744e-01,5.130407761046027915e+00,4.660016939865427865e-01,1.000000000000000000e+00,8.415604973647049514e-01,5.533558793182564273e+00
-2.468124253654844225e+01,1.600866569031316189e+01,2.933755715813100551e+01,-2.176661529518412408e+00,1.048566232944263543e-01,7.760320339084534336e-01,5.130487817660933203e+00,4.659978512164536513e-01,1.000000000000000000e+00,8.415604973647049514e-01,5.533558793182564273e+00
-2.468457233814728369e+01,1.600429803293044628e+01,2.933837470140645820e+01,-2.171252805782708961e+00,1.053478872194513194e-01,7.749543664711867619e-01,5.130567673329049505e+00,4.659939905099384494e-01,1.000000000000000000e+00,8.415604973647049514e-01,5.533558793182564273e+00
-2.468790123107860879e+01,1.599992969383072250e+01,2.933919112016060637e+01,-2.165843921242103676e+00,1.058391540335987813e-01,7.738766995981051222e-01,5.130647328056446632e+00,4.659901118678805299e-01,1.000000000000000000e+00,8.415604973647049514e-01,5.533558793182564273e+00
-2.469127751965948647e+01,1.599549724467708600e+01,2.934001824141105175e+01,-2.160356353778006167e+00,1.063375553227201564e-01,7.727833892323748843e-01,5.130727933771827232e+00,4.659861585938959161e-01,1.000000000000000000e+00,8.415604973647049514e-01,5.533558793182564273e+00
-2.469460458163493755e+01,1.599112753281153054e+01,2.934083239469288884e+01,-2.154947145992087698e+00,1.068288278935818347e-01,7.717057235970018469e-01,5.130807183719285014e+00,4.659822438230705743e-01,1.000000000000000000e+00,8.415604973647049514e-01,5.533558793182564273e+00
-2.469793073451556253e+01,1.598675713978995816e+01,2.934164542334874781e+01,-2.149537778095794494e+00,1.073201032904871344e-01,7.706280586263700716e-01,5.130886232744368947e+00,4.659783111193660510e-01,1.000000000000000000e+00,8.415604973647049514e-01,5.533558793182564273e+00
-2.470125597815981422e+01,1.598238606579834453e+01,2.934245732734401102e+01,-2.144128250319317530e+00,1.078113814925294456e-01,7.695503943537850278e-01,5.130965080853176374e+00,4.659743604836663056e-01,1.000000000000000000e+00,8.415604973647049514e-01,5.533558793182564273e+00
-2.470458031242604591e+01,1.597801431102289804e+01,2.934326810664411411e+01,-2.138718562893101804e+00,1.083026624787812864e-01,7.684727308126018119e-01,5.131043728051804642e+00,4.659703919168558528e-01,1.000000000000000000e+00,8.415604973647049514e-01,5.533558793182564273e+00
-2.470790373717283828e+01,1.597364187564959082e+01,2.934407776121454958e+01,-2.133308716047272569e+00,1.087939462283433745e-01,7.673950680361045773e-01,5.131122174346356424e+00,4.659664054198193739e-01,1.000000000000000000e+00,8.415604973647049514e-01,5.533558793182564273e+00
-2.471122625225829594e+01,1.596926875986510908e+01,2.934488629102076374e+01,-2.127898710012811279e+00,1.092852327202398222e-01,7.663174060577441216e-01,5.131200419742929064e+00,4.659624009934422717e-01,1.000000000000000000e+00,8.415604973647049514e-01,5.533558793182564273e+00
-2.471454785754105288e+01,1.596489496385551554e+01,2.934569369602834499e+01,-2.122488545019892925e+00,1.097765219335680165e-01,7.652397449108070404e-01,5.131278464247632343e+00,4.659583786386095050e-01,1.000000000000000000e+00,8.415604973647049514e-01,5.533558793182564273e+00
-2.471786855287979279e+01,1.596052048780689425e+01,2.934649997620294215e+01,-2.117078221298699603e+00,1.102678138474255665e-01,7.641620846285757107e-01,5.131356307866584920e+00,4.659543383562067542e-01,1.000000000000000000e+00,8.415604973647049514e-01,5.533558793182564273e+00
-2.472118833813272687e+01,1.595614533190602913e+01,2.934730513151014009e+01,-2.111667739080241191e+00,1.107591084408352522e-01,7.630844252444939357e-01,5.131433950605888583e+00,4.659502801471199773e-01,1.000000000000000000e+00,8.415604973647049514e-01,5.533558793182564273e+00
-2.472450721315859923e+01,1.595176949633907881e+01,2.934810916191565866e+01,-2.106257098594728205e+00,1.112504056928931284e-01,7.620067667918400955e-01,5.131511392471669097e+00,4.659462040122355764e-01,1.000000000000000000e+00,8.415604973647049514e-01,5.533558793182564273e+00
-2.472787333681448629e+01,1.594732944399075514e+01,2.934892371459213223e+01,-2.100767752288691170e+00,1.117488376262678607e-01,7.609134653440029483e-01,5.131589753270820786e+00,4.659420503884533216e-01,1.000000000000000000e+00,8.415604973647049514e-01,5.533558793182564273e+00
-2.473119037774361217e+01,1.594295223979112031e+01,2.934972547876059323e+01,-2.095356793671326656e+00,1.122401401706771829e-01,7.598358088689083356e-01,5.131666790492135810e+00,4.659379381444430090e-01,1.000000000000000000e+00,8.415604973647049514e-01,5.533558793182564273e+00
-2.473450650801966333e+01,1.593857435648732945e+01,2.935052611792430355e+01,-2.089945677481637176e+00,1.127314453106533776e-01,7.587581534256863103e-01,5.131743626858395579e+00,4.659338079773082675e-01,1.000000000000000000e+00,8.415604973647049514e-01,5.533558793182564273e+00
-2.473782172750152242e+01,1.593419579426567978e+01,2.935132563204917844e+01,-2.084534403949886538e+00,1.132227530252893910e-01,7.576804990476082580e-01,5.131820262375733854e+00,4.659296598879361095e-01,1.000000000000000000e+00,8.415604973647049514e-01,5.533558793182564273e+00
-2.474113603604768485e+01,1.592981655331307067e+01,2.935212402110110474e+01,-2.079122973307056199e+00,1.137140632936137763e-01,7.566028457680857855e-01,5.131896697050281730e+00,4.659254938772148802e-01,1.000000000000000000e+00,8.415604973647049514e-01,5.533558793182564273e+00
-2.474444943351709369e+01,1.592543663381587749e+01,2.935292128504610076e+01,-2.073711385783449046e+00,1.142053760947168151e-01,7.555251936203870589e-01,5.131972930888180962e+00,4.659213099460319807e-01,1.000000000000000000e+00,8.415604973647049514e-01,5.533558793182564273e+00
-2.474776191976878792e+01,1.592105603596043117e+01,2.935371742385024163e+01,-2.068299641609286255e+00,1.146966914076970045e-01,7.544475426377649230e-01,5.132048963895577742e+00,4.659171080952757005e-01,1.000000000000000000e+00,8.415604973647049514e-01,5.533558793182564273e+00
-2.475107349466134110e+01,1.591667475993376968e+01,2.935451243747954209e+01,-2.062887741015630994e+00,1.151880092115769028e-01,7.533698928536295414e-01,5.132124796078614715e+00,4.659128883258349951e-01,1.000000000000000000e+00,8.415604973647049514e-01,5.533558793182564273e+00
-2.475438415805388104e+01,1.591229280592226480e+01,2.935530632590018385e+01,-2.057475684232699109e+00,1.156793294854567833e-01,7.522922443012209914e-01,5.132200427443447843e+00,4.659086506385983206e-01,1.000000000000000000e+00,8.415604973647049514e-01,5.533558793182564273e+00
-2.475769390980551066e+01,1.590791017411240560e+01,2.935609908907837706e+01,-2.052063471490814806e+00,1.161706522084264837e-01,7.512145970137966700e-01,5.132275857996232205e+00,4.659043950344548546e-01,1.000000000000000000e+00,8.415604973647049514e-01,5.533558793182564273e+00
-2.476100274977496696e+01,1.590352686469124954e+01,2.935689072698028923e+01,-2.046651103020982632e+00,1.166619773595158893e-01,7.501369510247438699e-01,5.132351087743122875e+00,4.659001215142943852e-01,1.000000000000000000e+00,8.415604973647049514e-01,5.533558793182564273e+00
-2.476435869111038102e+01,1.589907923209359097e+01,2.935769270687333687e+01,-2.041160006240900771e+00,1.171604373613426286e-01,7.490436625963856621e-01,5.132427204379996333e+00,4.658957676498626244e-01,1.000000000000000000e+00,8.415604973647049514e-01,5.533558793182564273e+00
-2.476766569385199901e+01,1.589469455817957133e+01,2.935848207778521868e+01,-2.035747324753831577e+00,1.176517673404380293e-01,7.479660193238609756e-01,5.132502029618793316e+00,4.658914580402885863e-01,1.000000000000000000e+00,8.415604973647049514e-01,5.533558793182564273e+00
-2.477097178438666703e+01,1.589030920721720541e+01,2.935927032331930064e+01,-2.030334488233838997e+00,1.181430996845616033e-01,7.468883774500605366e-01,5.132576654070279965e+00,4.658871305173805100e-01,1.000000000000000000e+00,8.415604973647049514e-01,5.533558793182564273e+00
-2.477427696257370471e+01,1.588592317939310128e+01,2.936005744344204871e+01,-2.024921496911254337e+00,1.186344343728054085e-01,7.458107370082194265e-01,5.132651077740632672e+00,4.658827850820286276e-01,1.000000000000000000e+00,8.415604973647049514e-01,5.533558793182564273e+00
-2.477758122827252762e+01,1.588153647489381903e+01,2.936084343811998565e+01,-2.019508351016318315e+00,1.191257713842708288e-01,7.447330980315515214e-01,5.132725300636033161e+00,4.658784217351236157e-01,1.000000000000000000e+00,8.415604973647049514e-01,5.533558793182564273e+00
-2.478088458134201488e+01,1.587714909390670925e+01,2.936162830731953477e+01,-2.014095050780218443e+00,1.196171106979735388e-01,7.436554605534523299e-01,5.132799322762654270e+00,4.658740404775570387e-01,1.000000000000000000e+00,8.415604973647049514e-01,5.533558793182564273e+00
-2.478418702164166021e+01,1.587276103661838889e+01,2.936241205100732543e+01,-2.008681596433209648e+00,1.201084522930144782e-01,7.425778246071295108e-01,5.132873144126681275e+00,4.658696413102201284e-01,1.000000000000000000e+00,8.415604973647049514e-01,5.533558793182564273e+00
-2.478748854903075483e+01,1.586837230321581238e+01,2.936319466914994436e+01,-2.003267988205939432e+00,1.205997961484595038e-01,7.415001902258616662e-01,5.132946764734304779e+00,4.658652242340047267e-01,1.000000000000000000e+00,8.415604973647049514e-01,5.533558793182564273e+00
-2.479078916336889193e+01,1.586398289388563576e+01,2.936397616171412750e+01,-1.997854226328643179e+00,1.210911422434117757e-01,7.404225574428447976e-01,5.133020184591716273e+00,4.658607892498025649e-01,1.000000000000000000e+00,8.415604973647049514e-01,5.533558793182564273e+00
-2.479408886451507854e+01,1.585959280881535705e+01,2.936475652866648289e+01,-1.992440311032579459e+00,1.215824905568831937e-01,7.393449262914701947e-01,5.133093403705105473e+00,4.658563363585065398e-01,1.000000000000000000e+00,8.415604973647049514e-01,5.533558793182564273e+00
-2.479738765232896824e+01,1.585520204819169621e+01,2.936553576997381754e+01,-1.987026242548015631e+00,1.220738410679749197e-01,7.382672968049303064e-01,5.133166422080671865e+00,4.658518655610088821e-01,1.000000000000000000e+00,8.415604973647049514e-01,5.533558793182564273e+00
-2.480068552667018977e+01,1.585081061220149046e+01,2.936631388560297751e+01,-1.981612021105332744e+00,1.225651937557787896e-01,7.371896690164341237e-01,5.133239239724623815e+00,4.658473768582023222e-01,1.000000000000000000e+00,8.415604973647049514e-01,5.533558793182564273e+00
-2.480398248739795974e+01,1.584641850103221472e+01,2.936709087552073782e+01,-1.976197646935666796e+00,1.230565485993193597e-01,7.361120429593364101e-01,5.133311856643155480e+00,4.658428702509805341e-01,1.000000000000000000e+00,8.415604973647049514e-01,5.533558793182564273e+00
-2.480727853437198149e+01,1.584202571487076483e+01,2.936786673969404760e+01,-1.970783120269413047e+00,1.235479055776877999e-01,7.350344186668400503e-01,5.133384272842482332e+00,4.658383457402367478e-01,1.000000000000000000e+00,8.415604973647049514e-01,5.533558793182564273e+00
-2.481062149498652047e+01,1.583756847063915885e+01,2.936865271639921104e+01,-1.965289837265236983e+00,1.240463975691143972e-01,7.339411527263722812e-01,5.133457535177170961e+00,4.658337372544541499e-01,1.000000000000000000e+00,8.415604973647049514e-01,5.533558793182564273e+00
-2.481391570076218400e+01,1.583317432526286872e+01,2.936942631264128778e+01,-1.959875004092316075e+00,1.245377587845837297e-01,7.328635320896299543e-01,5.133529547043186092e+00,4.658291766794814825e-01,1.000000000000000000e+00,8.415604973647049514e-01,5.533558793182564273e+00
-2.481720899236098532e+01,1.582877950545854695e+01,2.937019878303942022e+01,-1.954460019118080538e+00,1.250291220717878460e-01,7.317859133177022635e-01,5.133601358208730758e+00,4.658245982036818278e-01,1.000000000000000000e+00,8.415604973647049514e-01,5.533558793182564273e+00
-2.482050136964282672e+01,1.582438401141315509e+01,2.937097012756075998e+01,-1.949044882572891879e+00,1.255204874098236889e-01,7.307082964437662254e-01,5.133672968680039972e+00,4.658200018279499144e-01,1.000000000000000000e+00,8.415604973647049514e-01,5.533558793182564273e+00
-2.482379283246713797e+01,1.581998784331435459e+01,2.937174034617236273e+01,-1.943629594687946494e+00,1.260118547777122622e-01,7.296306815011629476e-01,5.133744378463327429e+00,4.658153875531808041e-01,1.000000000000000000e+00,8.415604973647049514e-01,5.533558793182564273e+00
-2.482708338069387821e+01,1.581559100134919937e+01,2.937250943884146892e+01,-1.938214155693655627e+00,1.265032241545474001e-01,7.285530685230723336e-01,5.133815587564828142e+00,4.658107553802697254e-01,1.000000000000000000e+00,8.415604973647049514e-01,5.533558793182564273e+00
-2.483037301418303855e+01,1.581119348570476646e+01,2.937327740553534738e+01,-1.932798565820435854e+00,1.269945955194213827e-01,7.274754575426704006e-01,5.133886595990782453e+00,4.658061053101118509e-01,1.000000000000000000e+00,8.415604973647049514e-01,5.533558793182564273e+00
-2.483366173279417310e+01,1.580679529656878834e+01,2.937404424622121013e+01,-1.927382825299488900e+00,1.274859688513572120e-01,7.263978485932842677e-01,5.133957403747420045e+00,4.658014373436035749e-01,1.000000000000000000e+00,8.415604973647049514e-01,5.533558793182564273e+00
-2.483694953638735115e+01,1.580239643412842376e+01,2.937480996086643614e+01,-1.921966934361263313e+00,1.279773441294460579e-01,7.253202417080877318e-01,5.134028010840983924e+00,4.657967514816405141e-01,1.000000000000000000e+00,8.415604973647049514e-01,5.533558793182564273e+00
-2.484023642482271299e+01,1.579799689857077460e+01,2.937557454943844704e+01,-1.916550893236131259e+00,1.284687213327864175e-01,7.242426369202349390e-01,5.134098417277723314e+00,4.657920477251188962e-01,1.000000000000000000e+00,8.415604973647049514e-01,5.533558793182564273e+00
-2.484352239795990158e+01,1.579359669008372258e+01,2.937633801190459337e+01,-1.911134702155379728e+00,1.289601004403950757e-01,7.231650342630558947e-01,5.134168623063882109e+00,4.657873260749358924e-01,1.000000000000000000e+00,8.415604973647049514e-01,5.533558793182564273e+00
-2.484680745565912119e+01,1.578919580885446550e+01,2.937710034823239624e+01,-1.905718361349423517e+00,1.294514814313671991e-01,7.220874337697050782e-01,5.134238628205713972e+00,4.657825865319880632e-01,1.000000000000000000e+00,8.415604973647049514e-01,5.533558793182564273e+00
-2.485009159778059384e+01,1.578479425507026157e+01,2.937786155838942292e+01,-1.900301871048734270e+00,1.299428642847939575e-01,7.210098354733439630e-01,5.134308432709477010e+00,4.657778290971727464e-01,1.000000000000000000e+00,8.415604973647049514e-01,5.533558793182564273e+00
-2.485337482418409749e+01,1.578039202891902981e+01,2.937862164234316253e+01,-1.894885231484563448e+00,1.304342489796967985e-01,7.199322394072801279e-01,5.134378036581423110e+00,4.657730537713875019e-01,1.000000000000000000e+00,8.415604973647049514e-01,5.533558793182564273e+00
-2.485665713472997496e+01,1.577598913058803909e+01,2.937938060006128893e+01,-1.889468442887329402e+00,1.309256354951722212e-01,7.188546456046582822e-01,5.134447439827824589e+00,4.657682605555303335e-01,1.000000000000000000e+00,8.415604973647049514e-01,5.533558793182564273e+00
-2.485993852927854775e+01,1.577158556026464886e+01,2.938013843151150795e+01,-1.884051505487539302e+00,1.314170238103100630e-01,7.177770540986301295e-01,5.134516642454945767e+00,4.657634494504988565e-01,1.000000000000000000e+00,8.415604973647049514e-01,5.533558793182564273e+00
-2.486321900768973236e+01,1.576718131813684742e+01,2.938089513666145791e+01,-1.878634419516439280e+00,1.319084139041326598e-01,7.166994649224921465e-01,5.134585644469050969e+00,4.657586204571917965e-01,1.000000000000000000e+00,8.415604973647049514e-01,5.533558793182564273e+00
-2.486654617130305667e+01,1.576271245489479256e+01,2.938166167565146836e+01,-1.873138544066232924e+00,1.324069391277975516e-01,7.156062351857663817e-01,5.134655443164591659e+00,4.657537030843671988e-01,1.000000000000000000e+00,8.415604973647049514e-01,5.533558793182564273e+00
-2.486982480371629478e+01,1.575830685997507175e+01,2.938241611175305579e+01,-1.867721159495886241e+00,1.328983327413020277e-01,7.145286508039127016e-01,5.134724041059498312e+00,4.657488380575602327e-01,1.000000000000000000e+00,8.415604973647049514e-01,5.533558793182564273e+00
-2.487310251957134000e+01,1.575390059381614627e+01,2.938316942145743127e+01,-1.862303627049326948e+00,1.333897280704399169e-01,7.134510688518990174e-01,5.134792438360320510e+00,4.657439551451874049e-01,1.000000000000000000e+00,8.415604973647049514e-01,5.533558793182564273e+00
-2.487637931872826158e+01,1.574949365660611633e+01,2.938392160473243209e+01,-1.856885946957834932e+00,1.338811250942333331e-01,7.123734893630094822e-01,5.134860635073332347e+00,4.657390543481486067e-01,1.000000000000000000e+00,8.415604973647049514e-01,5.533558793182564273e+00
-2.487965520104762973e+01,1.574508604853251015e+01,2.938467266154605895e+01,-1.851468119451940453e+00,1.343725237917725579e-01,7.112959123703763709e-01,5.134928631204829230e+00,4.657341356673435073e-01,1.000000000000000000e+00,8.415604973647049514e-01,5.533558793182564273e+00
-2.488293016639008570e+01,1.574067776978282929e+01,2.938542259186635874e+01,-1.846050144762122258e+00,1.348639241421527579e-01,7.102183379071177471e-01,5.134996426761103017e+00,4.657291991036718315e-01,1.000000000000000000e+00,8.415604973647049514e-01,5.533558793182564273e+00
-2.488620421461580179e+01,1.573626882054528409e+01,2.938617139566131087e+01,-1.840632023119699312e+00,1.353553261243942707e-01,7.091407660065127683e-01,5.135064021748443785e+00,4.657242446580345807e-01,1.000000000000000000e+00,8.415604973647049514e-01,5.533558793182564273e+00
-2.488947734558549740e+01,1.573185920100744717e+01,2.938691907289906524e+01,-1.835213754755177007e+00,1.358467297175907085e-01,7.080631967016750572e-01,5.135131416173154939e+00,4.657192723313321459e-01,1.000000000000000000e+00,8.415604973647049514e-01,5.533558793182564273e+00
-2.489274955915986354e+01,1.572744891135698353e+01,2.938766562354779310e+01,-1.829795339899149553e+00,1.363381349008288002e-01,7.069856300257324477e-01,5.135198610041539879e+00,4.657142821244654174e-01,1.000000000000000000e+00,8.415604973647049514e-01,5.533558793182564273e+00
-2.489602085519921459e+01,1.572303795178216745e+01,2.938841104757562661e+01,-1.824376778782925257e+00,1.368295416531304376e-01,7.059080660119478878e-01,5.135265603359896680e+00,4.657092740383358409e-01,1.000000000000000000e+00,8.415604973647049514e-01,5.533558793182564273e+00
-2.489929123356439078e+01,1.571862632247064440e+01,2.938915534495086135e+01,-1.818958071637013063e+00,1.373209499535916756e-01,7.048305046934236762e-01,5.135332396134542954e+00,4.657042480738449175e-01,1.000000000000000000e+00,8.415604973647049514e-01,5.533558793182564273e+00
-2.490256069411622519e+01,1.571421402361013619e+01,2.938989851564182132e+01,-1.813539218691991195e+00,1.378123597813014634e-01,7.037529461032707712e-01,5.135398988371790097e+00,4.656992042318942593e-01,1.000000000000000000e+00,8.415604973647049514e-01,5.533558793182564273e+00
-2.490582923671514237e+01,1.570980105538901128e+01,2.939064055961677724e+01,-1.808120220179196380e+00,1.383037711152805826e-01,7.026753902747451264e-01,5.135465380077950392e+00,4.656941425133863666e-01,1.000000000000000000e+00,8.415604973647049514e-01,5.533558793182564273e+00
-2.490909686122207489e+01,1.570538741799503413e+01,2.939138147684416680e+01,-1.802701076329197960e+00,1.387951839346213134e-01,7.015978372409468200e-01,5.135531571259347672e+00,4.656890629192234621e-01,1.000000000000000000e+00,8.415604973647049514e-01,5.533558793182564273e+00
-2.491236356749798375e+01,1.570097311161599940e+01,2.939212126729244545e+01,-1.797281787372575934e+00,1.392865982184134932e-01,7.005202870349733768e-01,5.135597561922308429e+00,4.656839654503079351e-01,1.000000000000000000e+00,8.415604973647049514e-01,5.533558793182564273e+00
-2.491562935540343560e+01,1.569655813644033238e+01,2.939285993093005800e+01,-1.791862353540652819e+00,1.397780139456819004e-01,6.994427396900664284e-01,5.135663352073153831e+00,4.656788501075433406e-01,1.000000000000000000e+00,8.415604973647049514e-01,5.533558793182564273e+00
-2.491889422479942340e+01,1.569214249265594674e+01,2.939359746772554871e+01,-1.786442775064092103e+00,1.402694310955099333e-01,6.983651952393301610e-01,5.135728941718216589e+00,4.656737168918327341e-01,1.000000000000000000e+00,8.415604973647049514e-01,5.533558793182564273e+00
-2.492215817554708934e+01,1.568772618045064249e+01,2.939433387764755423e+01,-1.781023052173395627e+00,1.407608496469976433e-01,6.972876537158347876e-01,5.135794330863835633e+00,4.656685658040791709e-01,1.000000000000000000e+00,8.415604973647049514e-01,5.533558793182564273e+00
-2.492542120750703916e+01,1.568330920001303319e+01,2.939506916066462594e+01,-1.775603185100029791e+00,1.412522695791571525e-01,6.962101151528352627e-01,5.135859519516341898e+00,4.656633968451872052e-01,1.000000000000000000e+00,8.415604973647049514e-01,5.533558793182564273e+00
-2.492868332054047897e+01,1.567889155153099345e+01,2.939580331674548219e+01,-1.770183174074526633e+00,1.417436908710860699e-01,6.951325795833988019e-01,5.135924507682080531e+00,4.656582100160606696e-01,1.000000000000000000e+00,8.415604973647049514e-01,5.533558793182564273e+00
-2.493194451450860072e+01,1.567447323519251157e+01,2.939653634585889463e+01,-1.764763019327522997e+00,1.422351135018729007e-01,6.940550470406078309e-01,5.135989295367401120e+00,4.656530053176036188e-01,1.000000000000000000e+00,8.415604973647049514e-01,5.533558793182564273e+00
-2.493520478927217709e+01,1.567005425118620465e+01,2.939726824797356031e+01,-1.759342721090410677e+00,1.427265374505386486e-01,6.929775175576913249e-01,5.136053882578644370e+00,4.656477827507213840e-01,1.000000000000000000e+00,8.415604973647049514e-01,5.533558793182564273e+00
-2.493846414469245332e+01,1.566563459970013383e+01,2.939799902305833257e+01,-1.753922279593869149e+00,1.432179626961689323e-01,6.918999911677290449e-01,5.136118269322164309e+00,4.656425423163185751e-01,1.000000000000000000e+00,8.415604973647049514e-01,5.533558793182564273e+00
-2.494172258063083092e+01,1.566121428092225010e+01,2.939872867108213228e+01,-1.748501695068398476e+00,1.437093892178662458e-01,6.908224679037653360e-01,5.136182455604322961e+00,4.656372840153002457e-01,1.000000000000000000e+00,8.415604973647049514e-01,5.533558793182564273e+00
-2.494498009694813945e+01,1.565679329504134287e+01,2.939945719201379859e+01,-1.743080967745516574e+00,1.442008169946413787e-01,6.897449477990394984e-01,5.136246441431470799e+00,4.656320078485723379e-01,1.000000000000000000e+00,8.415604973647049514e-01,5.533558793182564273e+00
-2.494823669350580175e+01,1.565237164224549282e+01,2.940018458582234473e+01,-1.737660097855828312e+00,1.446922460055883874e-01,6.886674308866065353e-01,5.136310226809977841e+00,4.656267138170408493e-01,1.000000000000000000e+00,8.415604973647049514e-01,5.533558793182564273e+00
-2.495149237016507371e+01,1.564794932272306660e+01,2.940091085247676972e+01,-1.732239085630276065e+00,1.451836762297711303e-01,6.875899171995828452e-01,5.136373811746204332e+00,4.656214019216112776e-01,1.000000000000000000e+00,8.415604973647049514e-01,5.533558793182564273e+00
-2.495474712678748475e+01,1.564352633666216796e+01,2.940163599194620048e+01,-1.726817931299438058e+00,1.456751076462869943e-01,6.865124067710086653e-01,5.136437196246529169e+00,4.656160721631901755e-01,1.000000000000000000e+00,8.415604973647049514e-01,5.533558793182564273e+00
-2.495804819123383211e+01,1.563903846277077569e+01,2.940237050612517322e+01,-1.721317935039156310e+00,1.461736741932464501e-01,6.854192578739607411e-01,5.136501296061936728e+00,4.656106467816698569e-01,1.000000000000000000e+00,8.415604973647049514e-01,5.533558793182564273e+00
-2.496130109400520425e+01,1.563461413452985127e+01,2.940309337476778850e+01,-1.715896495136918887e+00,1.466651079480951747e-01,6.843417541102787549e-01,5.136564276800144491e+00,4.656052810407089737e-01,1.000000000000000000e+00,8.415604973647049514e-01,5.533558793182564273e+00
-2.496455307632188081e+01,1.563018914031849960e+01,2.940381511613242793e+01,-1.710474913825551724e+00,1.471565428321714997e-01,6.832642537048332354e-01,5.136627057121671669e+00,4.655998974394904288e-01,1.000000000000000000e+00,8.415604973647049514e-01,5.533558793182564273e+00
-2.496780413804501109e+01,1.562576348032566464e+01,2.940453573018827527e+01,-1.705053191336551421e+00,1.476479788244919877e-01,6.821867566908306202e-01,5.136689637032896272e+00,4.655944959789224957e-01,1.000000000000000000e+00,8.415604973647049514e-01,5.533558793182564273e+00
-2.497105427903627728e+01,1.562133715473962958e+01,2.940525521690467059e+01,-1.699631327900576139e+00,1.481394159041489189e-01,6.811092631013047072e-01,5.136752016540212296e+00,4.655890766599126707e-01,1.000000000000000000e+00,8.415604973647049514e-01,5.533558793182564273e+00
-2.497430349915739001e+01,1.561691016374873264e+01,2.940597357625100017e+01,-1.694209323748323115e+00,1.486308540502314646e-01,6.800317729692929580e-01,5.136814195650009296e+00,4.655836394833686720e-01,1.000000000000000000e+00,8.415604973647049514e-01,5.533558793182564273e+00
-2.497755179826964067e+01,1.561248250754196221e+01,2.940669080819660053e+01,-1.688787179111260528e+00,1.491222932417610725e-01,6.789542863279812712e-01,5.136876174368679493e+00,4.655781844501994948e-01,1.000000000000000000e+00,8.415604973647049514e-01,5.533558793182564273e+00
-2.498079917623480384e+01,1.560805418630772401e+01,2.940740691271094676e+01,-1.683364894220110486e+00,1.496137334578249156e-01,6.778768032104047769e-01,5.136937952702622212e+00,4.655727115613136902e-01,1.000000000000000000e+00,8.415604973647049514e-01,5.533558793182564273e+00
-2.498404563291473579e+01,1.560362520023440602e+01,2.940812188976358144e+01,-1.677942469305541806e+00,1.501051746775172724e-01,6.767993236495832843e-01,5.136999530658244772e+00,4.655672208176196980e-01,1.000000000000000000e+00,8.415604973647049514e-01,5.533558793182564273e+00
-2.498729116817083096e+01,1.559919554951109788e+01,2.940883573932397610e+01,-1.672519904599065299e+00,1.505966168798562599e-01,6.757218476786955863e-01,5.137060908241944723e+00,4.655617122200274571e-01,1.000000000000000000e+00,8.415604973647049514e-01,5.533558793182564273e+00
-2.499053578186501312e+01,1.559476523432625505e+01,2.940954846136175860e+01,-1.667097200331371099e+00,1.510880600439339361e-01,6.746443753307587166e-01,5.137122085460137377e+00,4.655561857694462957e-01,1.000000000000000000e+00,8.415604973647049514e-01,5.533558793182564273e+00
-2.499377947385919185e+01,1.559033425486842184e+01,2.941026005584659586e+01,-1.661674356733243485e+00,1.515795041488354755e-01,6.735669066388011439e-01,5.137183062319233606e+00,4.655506414667855974e-01,1.000000000000000000e+00,8.415604973647049514e-01,5.533558793182564273e+00
-2.499702224401491435e+01,1.558590261132674115e+01,2.941097052274811929e+01,-1.656251374036163071e+00,1.520709491735832142e-01,6.724894416359842308e-01,5.137243838825645170e+00,4.655450793129560227e-01,1.000000000000000000e+00,8.415604973647049514e-01,5.533558793182564273e+00
-2.500026409219418966e+01,1.558147030388979104e+01,2.941167986203609530e+01,-1.650828252470885715e+00,1.525623950972647691e-01,6.714119803553255661e-01,5.137304414985797152e+00,4.655394993088679545e-01,1.000000000000000000e+00,8.415604973647049514e-01,5.533558793182564273e+00
-2.500350501825911920e+01,1.557703733274609981e+01,2.941238807368034358e+01,-1.645404992268096223e+00,1.530538418989759730e-01,6.703345228298177583e-01,5.137364790806112858e+00,4.655339014554313315e-01,1.000000000000000000e+00,8.415604973647049514e-01,5.533558793182564273e+00
-2.500674502207129635e+01,1.557260369808499156e+01,2.941309515765063054e+01,-1.639981593659403103e+00,1.535452895577287258e-01,6.692570690926380461e-01,5.137424966293014705e+00,4.655282857535581464e-01,1.000000000000000000e+00,8.415604973647049514e-01,5.533558793182564273e+00
-2.500998410349290424e+01,1.556816940009505501e+01,2.941380111391687180e+01,-1.634558056875496490e+00,1.540367380526186381e-01,6.681796191767747084e-01,5.137484941452935772e+00,4.655226522041588932e-01,1.000000000000000000e+00,8.415604973647049514e-01,5.533558793182564273e+00
-2.501322226238610824e+01,1.556373443896498365e+01,2.941450594244902561e+01,-1.629134382147164217e+00,1.545281873627328828e-01,6.671021731152313450e-01,5.137544716292310909e+00,4.655170008081449540e-01,1.000000000000000000e+00,8.415604973647049514e-01,5.533558793182564273e+00
-2.501645949861268292e+01,1.555929881488408384e+01,2.941520964321701115e+01,-1.623710569705924200e+00,1.550196374670937960e-01,6.660247309411514438e-01,5.137604290817574970e+00,4.655113315664288764e-01,1.000000000000000000e+00,8.415604973647049514e-01,5.533558793182564273e+00
-2.501969581203486470e+01,1.555486252804112546e+01,2.941591221619087193e+01,-1.618286619782590918e+00,1.555110883447867742e-01,6.649472926875362733e-01,5.137663665035169913e+00,4.655056444799222648e-01,1.000000000000000000e+00,8.415604973647049514e-01,5.533558793182564273e+00
-2.502293120251496461e+01,1.555042557862484998e+01,2.941661366134072964e+01,-1.612862532607932664e+00,1.560025399749029873e-01,6.638698583873707815e-01,5.137722838951540361e+00,4.654999395495372783e-01,1.000000000000000000e+00,8.415604973647049514e-01,5.533558793182564273e+00
-2.502616566991484603e+01,1.554598796682468631e+01,2.941731397863662067e+01,-1.607438308413520645e+00,1.564939923364601082e-01,6.627924280737998997e-01,5.137781812573133600e+00,4.654942167761871308e-01,1.000000000000000000e+00,8.415604973647049514e-01,5.533558793182564273e+00
-2.502939921409691948e+01,1.554154969282941856e+01,2.941801316804877331e+01,-1.602013947430108942e+00,1.569854454085519713e-01,6.617150017797955863e-01,5.137840585906401358e+00,4.654884761607844257e-01,1.000000000000000000e+00,8.415604973647049514e-01,5.533558793182564273e+00
-2.503263183492358479e+01,1.553711075682790366e+01,2.941871122954741935e+01,-1.596589449888517365e+00,1.574768991702653054e-01,6.606375795383443439e-01,5.137899158957800694e+00,4.654827177042421549e-01,1.000000000000000000e+00,8.415604973647049514e-01,5.533558793182564273e+00
-2.503586353225684391e+01,1.553267115900963979e+01,2.941940816310276929e+01,-1.591164816020313566e+00,1.579683536006202260e-01,6.595601613825725629e-01,5.137957531733785110e+00,4.654769414074743650e-01,1.000000000000000000e+00,8.415604973647049514e-01,5.533558793182564273e+00
-2.503909430595917129e+01,1.552823089956354430e+01,2.942010396868515087e+01,-1.585740046056340447e+00,1.584598086787039062e-01,6.584827473454607505e-01,5.138015704240820547e+00,4.654711472713943254e-01,1.000000000000000000e+00,8.415604973647049514e-01,5.533558793182564273e+00
-2.504232415589300231e+01,1.552378997867870147e+01,2.942079864626495223e+01,-1.580315140227593673e+00,1.589512643835888639e-01,6.574053374600169475e-01,5.138073676485371166e+00,4.654653352969164715e-01,1.000000000000000000e+00,8.415604973647049514e-01,5.533558793182564273e+00
-2.504555308192085405e+01,1.551934839654412102e+01,2.942149219581259345e+01,-1.574890098764974766e+00,1.594427206943571651e-01,6.563279317592215500e-01,5.138131448473909124e+00,4.654595054849545166e-01,1.000000000000000000e+00,8.415604973647049514e-01,5.533558793182564273e+00
-2.504878108390491320e+01,1.551490615334939882e+01,2.942218461729848400e+01,-1.569464921900051380e+00,1.599341775900313678e-01,6.552505302761849615e-01,5.138189020212902136e+00,4.654536578364240063e-01,1.000000000000000000e+00,8.415604973647049514e-01,5.533558793182564273e+00
-2.505200816170782119e+01,1.551046324928354281e+01,2.942287591069314701e+01,-1.564039609863655755e+00,1.604256350497001993e-01,6.541731330438708136e-01,5.138246391708828575e+00,4.654477923522392646e-01,1.000000000000000000e+00,8.415604973647049514e-01,5.533558793182564273e+00
-2.505523431519227273e+01,1.550601968453559287e+01,2.942356607596717666e+01,-1.558614162886630794e+00,1.609170930524530529e-01,6.530957400952349667e-01,5.138303562968168592e+00,4.654419090333152820e-01,1.000000000000000000e+00,8.415604973647049514e-01,5.533558793182564273e+00
-2.505845954422053268e+01,1.550157545929526570e+01,2.942425511309110675e+01,-1.553188581200609875e+00,1.614085515773071577e-01,6.520183514633897115e-01,5.138360533997404112e+00,4.654360078805681589e-01,1.000000000000000000e+00,8.415604973647049514e-01,5.533558793182564273e+00
-2.506168384865538101e+01,1.549713057375164205e+01,2.942494302203562029e+01,-1.547762865036427016e+00,1.619000106033536834e-01,6.509409671812833587e-01,5.138417304803024166e+00,4.654300888949133852e-01,1.000000000000000000e+00,8.415604973647049514e-01,5.533558793182564273e+00
-2.506490722835965457e+01,1.549268502809380266e+01,2.942562980277145357e+01,-1.542337014624889591e+00,1.623914701096860203e-01,6.498635872818544490e-01,5.138473875391518675e+00,4.654241520772665064e-01,1.000000000000000000e+00,8.415604973647049514e-01,5.533558793182564273e+00
-2.506812968319571056e+01,1.548823882251158857e+01,2.942631545526928250e+01,-1.536911030197696704e+00,1.628829300753174003e-01,6.487862117982132748e-01,5.138530245769375782e+00,4.654181974285445667e-01,1.000000000000000000e+00,8.415604973647049514e-01,5.533558793182564273e+00
-2.507135121302644620e+01,1.548379195719415868e+01,2.942699997949992863e+01,-1.531484911985694808e+00,1.633743904793387713e-01,6.477088407632982658e-01,5.138586415943098729e+00,4.654122249496638886e-01,1.000000000000000000e+00,8.415604973647049514e-01,5.533558793182564273e+00
-2.507457181771479426e+01,1.547934443233072876e+01,2.942768337543428103e+01,-1.526058660219762331e+00,1.638658513008388606e-01,6.466314742100495172e-01,5.138642385919186317e+00,4.654062346415409612e-01,1.000000000000000000e+00,8.415604973647049514e-01,5.533558793182564273e+00
-2.507779149712325761e+01,1.547489624811115583e+01,2.942836564304314351e+01,-1.520632275131545086e+00,1.643573125188373396e-01,6.455541121715540065e-01,5.138698155704140902e+00,4.654002265050934950e-01,1.000000000000000000e+00,8.415604973647049514e-01,5.533558793182564273e+00
-2.508101025111484006e+01,1.547044740472472668e+01,2.942904678229750104e+01,-1.515205756951946370e+00,1.648487741124213812e-01,6.444767546807493863e-01,5.138753725304473718e+00,4.653942005412388672e-01,1.000000000000000000e+00,8.415604973647049514e-01,5.533558793182564273e+00
-2.508422807955260936e+01,1.546599790236069438e+01,2.942972679316837770e+01,-1.509779105911816188e+00,1.653402360606841537e-01,6.433994017705548796e-01,5.138809094726695115e+00,4.653881567508942885e-01,1.000000000000000000e+00,8.415604973647049514e-01,5.533558793182564273e+00
-2.508744498229918207e+01,1.546154774120903319e+01,2.943040567562672649e+01,-1.504352322242844764e+00,1.658316983426419977e-01,6.423220534740557985e-01,5.138864263977317215e+00,4.653820951349784130e-01,1.000000000000000000e+00,8.415604973647049514e-01,5.533558793182564273e+00
-2.509066095921768635e+01,1.545709692145908853e+01,2.943108342964367807e+01,-1.498925406175931840e+00,1.663231609373849729e-01,6.412447098241744747e-01,5.138919233062859249e+00,4.653760156944092286e-01,1.000000000000000000e+00,8.415604973647049514e-01,5.533558793182564273e+00
-2.509387601017129654e+01,1.545264544330021472e+01,2.943176005519038796e+01,-1.493498357941959398e+00,1.668146238240035828e-01,6.401673708538255791e-01,5.138974001989846663e+00,4.653699184301049452e-01,1.000000000000000000e+00,8.415604973647049514e-01,5.533558793182564273e+00
-2.509709013502273933e+01,1.544819330692248904e+01,2.943243555223796903e+01,-1.488071177772658515e+00,1.673060869815130580e-01,6.390900365960892060e-01,5.139028570764799575e+00,4.653638033429851051e-01,1.000000000000000000e+00,8.415604973647049514e-01,5.533558793182564273e+00
-2.510030333363526367e+01,1.544374051251532620e+01,2.943310992075768340e+01,-1.482643865898930713e+00,1.677975503890036801e-01,6.380127070838740311e-01,5.139082939394247873e+00,4.653576704339685843e-01,1.000000000000000000e+00,8.415604973647049514e-01,5.533558793182564273e+00
-2.510351560587215758e+01,1.543928706026817999e+01,2.943378316072083223e+01,-1.477216422551693498e+00,1.682890140255657307e-01,6.369353823500900624e-01,5.139137107884728550e+00,4.653515197039742035e-01,1.000000000000000000e+00,8.415604973647049514e-01,5.533558793182564273e+00
-2.510672695159628631e+01,1.543483295037117742e+01,2.943445527209868118e+01,-1.471788847962649527e+00,1.687804778702171049e-01,6.358580624277990756e-01,5.139191076242770606e+00,4.653453511539224485e-01,1.000000000000000000e+00,8.415604973647049514e-01,5.533558793182564273e+00
-2.510993737067099829e+01,1.543037818301384867e+01,2.943512625486262380e+01,-1.466361142362755388e+00,1.692719419020451976e-01,6.347807473499063047e-01,5.139244844474917251e+00,4.653391647847331392e-01,1.000000000000000000e+00,8.415604973647049514e-01,5.533558793182564273e+00
-2.511310027854149141e+01,1.542598744088715357e+01,2.943578639302541688e+01,-1.461012100870743069e+00,1.697562716896043877e-01,6.337190760399566969e-01,5.139297636390048218e+00,4.653330507887371570e-01,1.000000000000000000e+00,8.415604973647049514e-01,5.533558793182564273e+00
-2.511630885736396834e+01,1.542153136871568009e+01,2.943645513486058007e+01,-1.455584135836179627e+00,1.702477360310272747e-01,6.326417706781938266e-01,5.139351007294951756e+00,4.653268290426739728e-01,1.000000000000000000e+00,8.415604973647049514e-01,5.533558793182564273e+00
-2.511951650912890699e+01,1.541707463965043523e+01,2.943712274799666062e+01,-1.450156040480976571e+00,1.707392004971319821e-01,6.315644702591904913e-01,5.139404178093503361e+00,4.653205894802213693e-01,1.000000000000000000e+00,8.415604973647049514e-01,5.533558793182564273e+00
-2.512272323369966287e+01,1.541261725388127779e+01,2.943778923240521905e+01,-1.444727815036367602e+00,1.712306650669819241e-01,6.304871748158936695e-01,5.139457148792255126e+00,4.653143321023002210e-01,1.000000000000000000e+00,8.415604973647049514e-01,5.533558793182564273e+00
-2.512592903093978691e+01,1.540815921159786406e+01,2.943845458805789406e+01,-1.439299459733319964e+00,1.717221297196660501e-01,6.294098843811926081e-01,5.139509919397765358e+00,4.653080569098316799e-01,1.000000000000000000e+00,8.415604973647049514e-01,5.533558793182564273e+00
-2.512913390071242858e+01,1.540370051299051113e+01,2.943911881492628169e+01,-1.433870974803573617e+00,1.722135944342031433e-01,6.283325989881261009e-01,5.139562489916592369e+00,4.653017639037380082e-01,1.000000000000000000e+00,8.415604973647049514e-01,5.533558793182564273e+00
-2.513233784288122408e+01,1.539924115824892503e+01,2.943978191298212366e+01,-1.428442360478099360e+00,1.727050591896830412e-01,6.272553186695741800e-01,5.139614860355298909e+00,4.652954530849408021e-01,1.000000000000000000e+00,8.415604973647049514e-01,5.533558793182564273e+00
-2.513554085730984866e+01,1.539478114756284910e+01,2.944044388219720076e+01,-1.423013616987878649e+00,1.731965239651935828e-01,6.261780434584184318e-01,5.139667030720457497e+00,4.652891244543620464e-01,1.000000000000000000e+00,8.415604973647049514e-01,5.533558793182564273e+00
-2.513874294386156905e+01,1.539032048112268392e+01,2.944110472254326538e+01,-1.417584744564665655e+00,1.736879887397544397e-01,6.251007733876869921e-01,5.139719001018631772e+00,4.652827780129246138e-01,1.000000000000000000e+00,8.415604973647049514e-01,5.533558793182564273e+00
-2.514194410240011734e+01,1.538585915911824031e+01,2.944176443399217646e+01,-1.412155743439479139e+00,1.741794534924518967e-01,6.240235084902563401e-01,5.139770771256396920e+00,4.652764137615512663e-01,1.000000000000000000e+00,8.415604973647049514e-01,5.533558793182564273e+00
-2.514514433278933581e+01,1.538139718173928827e+01,2.944242301651588534e+01,-1.406726613843245488e+00,1.746709182023813423e-01,6.229462487989834152e-01,5.139822341440337006e+00,4.652700317011643771e-01,1.000000000000000000e+00,8.415604973647049514e-01,5.533558793182564273e+00
-2.514834363489256930e+01,1.537693454917636338e+01,2.944308047008627227e+01,-1.401297356007797035e+00,1.751623828485562306e-01,6.218689943469005721e-01,5.139873711577024551e+00,4.652636318326881515e-01,1.000000000000000000e+00,8.415604973647049514e-01,5.533558793182564273e+00
-2.515154200857369560e+01,1.537247126161933153e+01,2.944373679467535609e+01,-1.395867970164129446e+00,1.756538474100666214e-01,6.207917451668667486e-01,5.139924881673049839e+00,4.652572141570457953e-01,1.000000000000000000e+00,8.415604973647049514e-01,5.533558793182564273e+00
-2.515473945369663511e+01,1.536800731925809416e+01,2.944439199025521958e+01,-1.390438456543247270e+00,1.761453118660019079e-01,6.197145012917432139e-01,5.139975851735002266e+00,4.652507786751609031e-01,1.000000000000000000e+00,8.415604973647049514e-01,5.533558793182564273e+00
-2.515793597012488192e+01,1.536354272228322415e+01,2.944504605679788511e+01,-1.385008815376947311e+00,1.766367761953808735e-01,6.186372627545396741e-01,5.140026621769466786e+00,4.652443253879580687e-01,1.000000000000000000e+00,8.415604973647049514e-01,5.533558793182564273e+00
-2.516113155772243815e+01,1.535907747088467978e+01,2.944569899427553139e+01,-1.379579046896243000e+00,1.771282403772929115e-01,6.175600295881097379e-01,5.140077191783041677e+00,4.652378542963617192e-01,1.000000000000000000e+00,8.415604973647049514e-01,5.533558793182564273e+00
-2.516432621635332367e+01,1.535461156525245130e+01,2.944635080266036553e+01,-1.374149151332170860e+00,1.776197043908265272e-01,6.164828018253033504e-01,5.140127561782329657e+00,4.652313654012959487e-01,1.000000000000000000e+00,8.415604973647049514e-01,5.533558793182564273e+00
-2.516751994588115338e+01,1.535014500557720929e+01,2.944700148192456624e+01,-1.368719128916554340e+00,1.781111682149989495e-01,6.154055794991269979e-01,5.140177731773925451e+00,4.652248587036866834e-01,1.000000000000000000e+00,8.415604973647049514e-01,5.533558793182564273e+00
-2.517071274617006438e+01,1.534567779204896532e+01,2.944765103204045786e+01,-1.363288979880392660e+00,1.786026318289033465e-01,6.143283626424157484e-01,5.140227701764438883e+00,4.652183342044585723e-01,1.000000000000000000e+00,8.415604973647049514e-01,5.533558793182564273e+00
-2.517390461708418670e+01,1.534120992485780732e+01,2.944829945298038609e+01,-1.357858704454748988e+00,1.790940952116262253e-01,6.132511512880158833e-01,5.140277471760478889e+00,4.652117919045370975e-01,1.000000000000000000e+00,8.415604973647049514e-01,5.533558793182564273e+00
-2.517709555848726666e+01,1.533674140419447518e+01,2.944894674471668949e+01,-1.352428302871444998e+00,1.795855583421870350e-01,6.121739454689185678e-01,5.140327041768657068e+00,4.652052318048486290e-01,1.000000000000000000e+00,8.415604973647049514e-01,5.533558793182564273e+00
-2.518028557024351954e+01,1.533227223024911368e+01,2.944959290722180612e+01,-1.346997775361561622e+00,1.800770211996729486e-01,6.110967452179624226e-01,5.140376411795587686e+00,4.651986539063188153e-01,1.000000000000000000e+00,8.415604973647049514e-01,5.533558793182564273e+00
-2.518347465221724590e+01,1.532780240321182141e+01,2.945023794046825572e+01,-1.341567122156089198e+00,1.805684837631782447e-01,6.100195505679661956e-01,5.140425581847894776e+00,4.651920582098739154e-01,1.000000000000000000e+00,8.415604973647049514e-01,5.533558793182564273e+00
-2.518666280427225956e+01,1.532333192327349813e+01,2.945088184442849766e+01,-1.336136343486955980e+00,1.810599460117146009e-01,6.089423615519315991e-01,5.140474551932195268e+00,4.651854447164411321e-01,1.000000000000000000e+00,8.415604973647049514e-01,5.533558793182564273e+00
-2.518985002627294634e+01,1.531886079062429751e+01,2.945152461907513342e+01,-1.330705439585170069e+00,1.815514079243769618e-01,6.078651782026692763e-01,5.140523322055117639e+00,4.651788134269470021e-01,1.000000000000000000e+00,8.415604973647049514e-01,5.533558793182564273e+00
-2.519303631808367783e+01,1.531438900545447801e+01,2.945216626438081775e+01,-1.325274410681828385e+00,1.820428694802522784e-01,6.067880005530064125e-01,5.140571892223295691e+00,4.651721643423186725e-01,1.000000000000000000e+00,8.415604973647049514e-01,5.533558793182564273e+00
-2.519622167956843484e+01,1.530991656795493938e+01,2.945280678031815569e+01,-1.319843257008777471e+00,1.825343306583602221e-01,6.057108286359148552e-01,5.140620262443356125e+00,4.651654974634840123e-01,1.000000000000000000e+00,8.415604973647049514e-01,5.533558793182564273e+00
-2.519940611059169200e+01,1.530544347831596674e+01,2.945344616685989791e+01,-1.314411978797094704e+00,1.830257914377910744e-01,6.046336624842084673e-01,5.140668432721939851e+00,4.651588127913706683e-01,1.000000000000000000e+00,8.415604973647049514e-01,5.533558793182564273e+00
-2.520254340394133408e+01,1.530103468509226161e+01,2.945407516670801584e+01,-1.309059422888093849e+00,1.835101174469753182e-01,6.035721388395486331e-01,5.140715708127507888e+00,4.651522077514420594e-01,1.000000000000000000e+00,8.415604973647049514e-01,5.533558793182564273e+00
-2.520572598714690216e+01,1.529656030120586685e+01,2.945471231077294405e+01,-1.303627898092512893e+00,1.840015773728125303e-01,6.024949842322787630e-01,5.140763481445301153e+00,4.651454877538204191e-01,1.000000000000000000e+00,8.415604973647049514e-01,5.533558793182564273e+00
-2.520890763948595037e+01,1.529208526574920413e+01,2.945534832536107217e+01,-1.298196249449302897e+00,1.844930368374466667e-01,6.014178354885584277e-01,5.140811054841447181e+00,4.651387499656916558e-01,1.000000000000000000e+00,8.415604973647049514e-01,5.533558793182564273e+00
-2.521208836082313454e+01,1.528760957891264383e+01,2.945598321044534629e+01,-1.292764477189530581e+00,1.849844958199717837e-01,6.003406926411837263e-01,5.140858428322601981e+00,4.651319943879845820e-01,1.000000000000000000e+00,8.415604973647049514e-01,5.533558793182564273e+00
-2.521526815102310337e+01,1.528313324088663627e+01,2.945661696599874801e+01,-1.287332581544330168e+00,1.854759542994743882e-01,5.992635557229593068e-01,5.140905601895420673e+00,4.651252210216280103e-01,1.000000000000000000e+00,8.415604973647049514e-01,5.533558793182564273e+00
-2.521844700995010768e+01,1.527865625186228193e+01,2.945724959199421988e+01,-1.281900562745594385e+00,1.859674122549734854e-01,5.981864247668357004e-01,5.140952575566553051e+00,4.651184298675518636e-01,1.000000000000000000e+00,8.415604973647049514e-01,5.533558793182564273e+00
-2.522162493746888146e+01,1.527417861203008620e+01,2.945788108840484654e+01,-1.276468421024469890e+00,1.864588696655571365e-01,5.971092998056111156e-01,5.140999349342667557e+00,4.651116209266856205e-01,1.000000000000000000e+00,8.415604973647049514e-01,5.533558793182564273e+00
-2.522480193344425103e+01,1.526970032158051005e+01,2.945851145520376591e+01,-1.271036156612012746e+00,1.869503265103200640e-01,5.960321808720651093e-01,5.141045923230429082e+00,4.651047941999589819e-01,1.000000000000000000e+00,8.415604973647049514e-01,5.533558793182564273e+00
-2.522797799774054184e+01,1.526522138070479429e+01,2.945914069236405197e+01,-1.265603769740208051e+00,1.874417827682755000e-01,5.949550679991509883e-01,5.141092297236498965e+00,4.650979496883029252e-01,1.000000000000000000e+00,8.415604973647049514e-01,5.533558793182564273e+00
-2.523115313022262285e+01,1.526074178959350469e+01,2.945976879985894215e+01,-1.260171260640186475e+00,1.879332384185130600e-01,5.938779612196545266e-01,5.141138471367551865e+00,4.650910873926474842e-01,1.000000000000000000e+00,8.415604973647049514e-01,5.533558793182564273e+00
-2.523432733075541989e+01,1.525626154843721061e+01,2.946039577766171647e+01,-1.254738629543053818e+00,1.884246934401259121e-01,5.928008605663495079e-01,5.141184445630264221e+00,4.650842073139231925e-01,1.000000000000000000e+00,8.415604973647049514e-01,5.533558793182564273e+00
-2.523750059920341471e+01,1.525178065742719191e+01,2.946102162574559458e+01,-1.249305876680752547e+00,1.889161478121315074e-01,5.917237660721706982e-01,5.141230220031311582e+00,4.650773094530618046e-01,1.000000000000000000e+00,8.415604973647049514e-01,5.533558793182564273e+00
-2.524067293543158641e+01,1.524729911675410321e+01,2.946164634408395955e+01,-1.243873002284438201e+00,1.894076015136192392e-01,5.906466777698943238e-01,5.141275794577375713e+00,4.650703938109945201e-01,1.000000000000000000e+00,8.415604973647049514e-01,5.533558793182564273e+00
-2.524384433930495675e+01,1.524281692660862575e+01,2.946226993265022642e+01,-1.238440006585269870e+00,1.898990545236785010e-01,5.895695956922923919e-01,5.141321169275147263e+00,4.650634603886524832e-01,1.000000000000000000e+00,8.415604973647049514e-01,5.533558793182564273e+00
-2.524701481068814246e+01,1.523833408718211224e+01,2.946289239141777472e+01,-1.233006889815190021e+00,1.903905068213291862e-01,5.884925198722885664e-01,5.141366344131305333e+00,4.650565091869683365e-01,1.000000000000000000e+00,8.415604973647049514e-01,5.533558793182564273e+00
-2.525018434944622214e+01,1.523385059866531677e+01,2.946351372036011185e+01,-1.227573652205391497e+00,1.908819583856578017e-01,5.874154503426536333e-01,5.141411319152547676e+00,4.650495402068739459e-01,1.000000000000000000e+00,8.415604973647049514e-01,5.533558793182564273e+00
-2.525335295544439518e+01,1.522936646124892768e+01,2.946413391945081628e+01,-1.222140293986953452e+00,1.913734091957626227e-01,5.863383871361316224e-01,5.141456094345572936e+00,4.650425534493013435e-01,1.000000000000000000e+00,8.415604973647049514e-01,5.533558793182564273e+00
-2.525652062854731028e+01,1.522488167512449131e+01,2.946475298866339187e+01,-1.216706815391972896e+00,1.918648592306511080e-01,5.852613302856636279e-01,5.141500669717073535e+00,4.650355489151842270e-01,1.000000000000000000e+00,8.415604973647049514e-01,5.533558793182564273e+00
-2.525964140486522780e+01,1.522046135856620985e+01,2.946536196565054766e+01,-1.211352095113456429e+00,1.923491742829221973e-01,5.841999149332959274e-01,5.141544402518950285e+00,4.650286286729498064e-01,1.000000000000000000e+00,8.415604973647049514e-01,5.533558793182564273e+00
-2.526280722532080603e+01,1.521597528500818797e+01,2.946597879143090637e+01,-1.205918378197882390e+00,1.928406227166712394e-01,5.831228707997164751e-01,5.141588581168012873e+00,4.650215888465634162e-01,1.000000000000000000e+00,8.415604973647049514e-01,5.533558793182564273e+00
-2.526597211247844399e+01,1.521148856331248922e+01,2.946659448725456087e+01,-1.200484541596702925e+00,1.933320703127106022e-01,5.820458331201202595e-01,5.141632560015571229e+00,4.650145312464188385e-01,1.000000000000000000e+00,8.415604973647049514e-01,5.533558793182564273e+00
-2.526913606620350095e+01,1.520700119366998138e+01,2.946720905309532412e+01,-1.195050585541080679e+00,1.938235170501336757e-01,5.809688019272470916e-01,5.141676339068340873e+00,4.650074558734494934e-01,1.000000000000000000e+00,8.415604973647049514e-01,5.533558793182564273e+00
-2.527229908636134681e+01,1.520251317627161391e+01,2.946782248892703748e+01,-1.189616510262238691e+00,1.943149629080287433e-01,5.798917772538434434e-01,5.141719918333038208e+00,4.650003627285889118e-01,1.000000000000000000e+00,8.415604973647049514e-01,5.533558793182564273e+00
-2.527546117281694649e+01,1.519802451130897936e+01,2.946843479472351390e+01,-1.184182315992162060e+00,1.948064078654152542e-01,5.788147591328057784e-01,5.141763297816380529e+00,4.649932518127725678e-01,1.000000000000000000e+00,8.415604973647049514e-01,5.533558793182564273e+00
-2.527862232543575871e+01,1.519353519897306626e+01,2.946904597045870489e+01,-1.178748002962070274e+00,1.952978519013828240e-01,5.777377475968716869e-01,5.141806477525092234e+00,4.649861231269345474e-01,1.000000000000000000e+00,8.415604973647049514e-01,5.533558793182564273e+00
-2.528178254408313563e+01,1.518904523945509943e+01,2.946965601610656904e+01,-1.173313571403436839e+00,1.957892949949986416e-01,5.766607426788260549e-01,5.141849457465898610e+00,4.649789766720097695e-01,1.000000000000000000e+00,8.415604973647049514e-01,5.533558793182564273e+00
-2.528494182862462480e+01,1.518455463294610297e+01,2.947026493164116445e+01,-1.167879021547470586e+00,1.962807371253538768e-01,5.755837444113989232e-01,5.141892237645533825e+00,4.649718124489333748e-01,1.000000000000000000e+00,8.415604973647049514e-01,5.533558793182564273e+00
-2.528810017892529771e+01,1.518006337963785946e+01,2.947087271703647104e+01,-1.162444353626270299e+00,1.967721782714606515e-01,5.745067528274888646e-01,5.141934818070724056e+00,4.649646304586413925e-01,1.000000000000000000e+00,8.415604973647049514e-01,5.533558793182564273e+00
-2.529125759485084401e+01,1.517557147972136811e+01,2.947147937226665704e+01,-1.157009567870950661e+00,1.972636184124190173e-01,5.734297679597987196e-01,5.141977198748210576e+00,4.649574307020691855e-01,1.000000000000000000e+00,8.415604973647049514e-01,5.533558793182564273e+00
-2.529441407626688942e+01,1.517107893338779512e+01,2.947208489730589065e+01,-1.151574664512807544e+00,1.977550575273148148e-01,5.723527898410614156e-01,5.142019379684735547e+00,4.649502131801525051e-01,1.000000000000000000e+00,8.415604973647049514e-01,5.533558793182564273e+00
-2.529756962303868661e+01,1.516658574082892308e+01,2.947268929212833655e+01,-1.146139643783852691e+00,1.982464955951686036e-01,5.712758185041493242e-01,5.142061360887036692e+00,4.649429778938284907e-01,1.000000000000000000e+00,8.415604973647049514e-01,5.533558793182564273e+00
-2.530072423503196788e+01,1.516209190223593595e+01,2.947329255670826242e+01,-1.140704505915342892e+00,1.987379325950699993e-01,5.701988539817778312e-01,5.142103142361865054e+00,4.649357248440332824e-01,1.000000000000000000e+00,8.415604973647049514e-01,5.533558793182564273e+00
-2.530383213800173792e+01,1.515766266723697342e+01,2.947388595813710310e+01,-1.135348153617373512e+00,1.992222345151792862e-01,5.691375300657384173e-01,5.142144121917126220e+00,4.649285597065279108e-01,1.000000000000000000e+00,8.415604973647049514e-01,5.533558793182564273e+00
-2.530698489360959869e+01,1.515316754652137199e+01,2.947448697856321331e+01,-1.129912783856417136e+00,1.997136693326351242e-01,5.680605791706335728e-01,5.142185506856388422e+00,4.649212713904332661e-01,1.000000000000000000e+00,8.415604973647049514e-01,5.533558793182564273e+00
-2.531013671403792031e+01,1.514867178034317874e+01,2.947508686867024963e+01,-1.124477297647059615e+00,2.002051030196472237e-01,5.669836351878696501e-01,5.142226692088341267e+00,4.649139653136653005e-01,1.000000000000000000e+00,8.415604973647049514e-01,5.533558793182564273e+00
-2.531328759915255588e+01,1.514417536889373572e+01,2.947568562843266804e+01,-1.119041695220637678e+00,2.006965355552994268e-01,5.659066981501644777e-01,5.142267677619747346e+00,4.649066414771614864e-01,1.000000000000000000e+00,8.415604973647049514e-01,5.533558793182564273e+00
-2.531643754881900676e+01,1.513967831236498007e+01,2.947628325782491743e+01,-1.113605976809179054e+00,2.011879669186147357e-01,5.648297680903665574e-01,5.142308463457366585e+00,4.648992998818604061e-01,1.000000000000000000e+00,8.415604973647049514e-01,5.533558793182564273e+00
-2.531958656290324683e+01,1.513518061094824851e+01,2.947687975682156392e+01,-1.108170142643961853e+00,2.016793970886832099e-01,5.637528450411734005e-01,5.142349049607966904e+00,4.648919405286998097e-01,1.000000000000000000e+00,8.415604973647049514e-01,5.533558793182564273e+00
-2.532273464127128904e+01,1.513068226483492218e+01,2.947747512539723402e+01,-1.102734192956280168e+00,2.021708260445951311e-01,5.626759290352801868e-01,5.142389436078322440e+00,4.648845634186180575e-01,1.000000000000000000e+00,8.415604973647049514e-01,5.533558793182564273e+00
-2.532588178378874133e+01,1.512618327421702702e+01,2.947806936352650098e+01,-1.097298127978186599e+00,2.026622537653712808e-01,5.615990201055327535e-01,5.142429622875205553e+00,4.648771685525545649e-01,1.000000000000000000e+00,8.415604973647049514e-01,5.533558793182564273e+00
-2.532902799032168062e+01,1.512168363928601877e+01,2.947866247118408367e+01,-1.091861947941016098e+00,2.031536802300994982e-01,5.605221182846228389e-01,5.142469610005393044e+00,4.648697559314480809e-01,1.000000000000000000e+00,8.415604973647049514e-01,5.533558793182564273e+00
-2.533217326073628328e+01,1.511718336023328391e+01,2.947925444834475783e+01,-1.086425653075988151e+00,2.036451054178773923e-01,5.594452236052219751e-01,5.142509397475668820e+00,4.648623255562375767e-01,1.000000000000000000e+00,8.415604973647049514e-01,5.533558793182564273e+00
-2.533531759489824253e+01,1.511268243725100113e+01,2.947984529498324235e+01,-1.080989243615251283e+00,2.041365293077193055e-01,5.583683361001787748e-01,5.142548985292816788e+00,4.648548774278634110e-01,1.000000000000000000e+00,8.415604973647049514e-01,5.533558793182564273e+00
-2.533846099267377028e+01,1.510818087053066172e+01,2.948043501107439468e+01,-1.075552719790103140e+00,2.046279518787172957e-01,5.572914558021689890e-01,5.142588373463621743e+00,4.648474115472649992e-01,1.000000000000000000e+00,8.415604973647049514e-01,5.533558793182564273e+00
-2.534155784264596534e+01,1.510374402183742681e+01,2.948101506039535735e+01,-1.070195004369990599e+00,2.051122393339284145e-01,5.562302152717877313e-01,5.142626994537011775e+00,4.648400366795512051e-01,1.000000000000000000e+00,8.415604973647049514e-01,5.533558793182564273e+00
-2.534469938084503227e+01,1.509924117755421946e+01,2.948160253172920164e+01,-1.064758254162537554e+00,2.056036592243448702e-01,5.551533493802158770e-01,5.142665986333463835e+00,4.648325355549939308e-01,1.000000000000000000e+00,8.415604973647049514e-01,5.533558793182564273e+00
-2.534783998225803714e+01,1.509473769010551614e+01,2.948218887244086517e+01,-1.059321390282065067e+00,2.060950777334216166e-01,5.540764907933785066e-01,5.142704778503861540e+00,4.648250166810202755e-01,1.000000000000000000e+00,8.415604973647049514e-01,5.533558793182564273e+00
-2.535097964675139437e+01,1.509023355968287561e+01,2.948277408250541143e+01,-1.053884412959833483e+00,2.065864948402567070e-01,5.529996395439291668e-01,5.142743371055010115e+00,4.648174800585705424e-01,1.000000000000000000e+00,8.415604973647049514e-01,5.533558793182564273e+00
-2.535411837419101033e+01,1.508572878647866133e+01,2.948335816189783287e+01,-1.048447322428044615e+00,2.070779105238618190e-01,5.519227956647022593e-01,5.142781763993708566e+00,4.648099256885870334e-01,1.000000000000000000e+00,8.415604973647049514e-01,5.533558793182564273e+00
-2.535725616444338115e+01,1.508122337068448005e+01,2.948394111059329958e+01,-1.043010118917965912e+00,2.075693247633354499e-01,5.508459591883438922e-01,5.142819957326768332e+00,4.648023535720106625e-01,1.000000000000000000e+00,8.415604973647049514e-01,5.533558793182564273e+00
-2.536039301737481821e+01,1.507671731249229019e+01,2.948452292856696744e+01,-1.037572802661250293e+00,2.080607375377399038e-01,5.497691301475742254e-01,5.142857951061001742e+00,4.647947637097835649e-01,1.000000000000000000e+00,8.415604973647049514e-01,5.533558793182564273e+00
-2.536352893285191357e+01,1.507221061209373580e+01,2.948510361579409533e+01,-1.032135373889149221e+00,2.085521488261756762e-01,5.486923085750253781e-01,5.142895745203226454e+00,4.647871561028469323e-01,1.000000000000000000e+00,8.415604973647049514e-01,5.533558793182564273e+00
-2.536666391074071569e+01,1.506770326968132956e+01,2.948568317224987823e+01,-1.026697832833932011e+00,2.090435586076513363e-01,5.476154945035328625e-01,5.142933339760255684e+00,4.647795307521443986e-01,1.000000000000000000e+00,8.415604973647049514e-01,5.533558793182564273e+00
-2.536979795090787704e+01,1.506319528544677233e+01,2.948626159790966028e+01,-1.021260179726866113e+00,2.095349668612660476e-01,5.465386879657244679e-01,5.142970734738915972e+00,4.647718876586179326e-01,1.000000000000000000e+00,8.415604973647049514e-01,5.533558793182564273e+00
-2.537288557780684428e+01,1.505875211427474447e+01,2.948683052045558384e+01,-1.015901353680739305e+00,2.100192400024452066e-01,5.454775204443399472e-01,5.143007391621145175e+00,4.647643381597117429e-01,1.000000000000000000e+00,8.415604973647049514e-01,5.533558793182564273e+00
-2.537601775574766449e+01,1.505424285628217262e+01,2.948740670086576543e+01,-1.010463478783124813e+00,2.105106451604759066e-01,5.444007289614476441e-01,5.143044390360505425e+00,4.647566598408984784e-01,1.000000000000000000e+00,8.415604973647049514e-01,5.533558793182564273e+00
-2.537914899556839288e+01,1.504973295704082581e+01,2.948798175040651870e+01,-1.005025492525200903e+00,2.110020487281516477e-01,5.433239451098488271e-01,5.143081189541883980e+00,4.647489637820771957e-01,1.000000000000000000e+00,8.415604973647049514e-01,5.533558793182564273e+00
-2.538227929713581332e+01,1.504522241674259497e+01,2.948855566905339742e+01,-9.995873951383433820e-01,2.114934506845647100e-01,5.422471689221785018e-01,5.143117789172117149e+00,4.647412499841909739e-01,1.000000000000000000e+00,8.415604973647049514e-01,5.533558793182564273e+00
-2.538540866031628696e+01,1.504071123558004608e+01,2.948912845678189498e+01,-9.941491868547132071e-01,2.119848510087358751e-01,5.411704004312243299e-01,5.143154189258042130e+00,4.647335184481848347e-01,1.000000000000000000e+00,8.415604973647049514e-01,5.533558793182564273e+00
-2.538853708497665096e+01,1.503619941374512869e+01,2.948970011356763976e+01,-9.887108679057146077e-01,2.124762496797560907e-01,5.400936396696178754e-01,5.143190389806501450e+00,4.647257691750025788e-01,1.000000000000000000e+00,8.415604973647049514e-01,5.533558793182564273e+00
-2.539166457098384910e+01,1.503168695142974620e+01,2.949027063938630988e+01,-9.832724385226505603e-01,2.129676466767242982e-01,5.390168866699694972e-01,5.143226390824344740e+00,4.647180021655881732e-01,1.000000000000000000e+00,8.415604973647049514e-01,5.533558793182564273e+00
-2.539479111820428159e+01,1.502717384882665286e+01,2.949084003421354439e+01,-9.778338989378347890e-01,2.134590419786499549e-01,5.379401414650814006e-01,5.143262192318418080e+00,4.647102174208874170e-01,1.000000000000000000e+00,8.415604973647049514e-01,5.533558793182564273e+00
-2.539791672650498455e+01,1.502266010612779468e+01,2.949140829802512087e+01,-9.723952493825667176e-01,2.139504355646340006e-01,5.368634040875565061e-01,5.143297794295573766e+00,4.647024149418448880e-01,1.000000000000000000e+00,8.415604973647049514e-01,5.533558793182564273e+00
-2.540104139575292663e+01,1.501814572352526689e+01,2.949197543079685957e+01,-9.669564900883091951e-01,2.144418274137633862e-01,5.357866745700220479e-01,5.143333196762671200e+00,4.646945947294054968e-01,1.000000000000000000e+00,8.415604973647049514e-01,5.533558793182564273e+00
-2.540411978646465130e+01,1.501369624874584474e+01,2.949253322415137291e+01,-9.615965761766105402e-01,2.149260841840661129e-01,5.347255832701801603e-01,5.143367890124774355e+00,4.646868706919847214e-01,1.000000000000000000e+00,8.415604973647049514e-01,5.533558793182564273e+00
-2.540724259084413816e+01,1.500918059619575651e+01,2.949309811119070446e+01,-9.561575996847313519e-01,2.154174725226007947e-01,5.336488694554716306e-01,5.143402896488300513e+00,4.646790152729851076e-01,1.000000000000000000e+00,8.415604973647049514e-01,5.533558793182564273e+00
-2.541036445577363878e+01,1.500466430431614739e+01,2.949366186711821669e+01,-9.507185141454925770e-01,2.159088590617934678e-01,5.325721635982592073e-01,5.143437703362256030e+00,4.646711421234124839e-01,1.000000000000000000e+00,8.415604973647049514e-01,5.533558793182564273e+00
-2.541348538111988731e+01,1.500014737329982495e+01,2.949422449190984707e+01,-9.452793197910889234e-01,2.164002437806666901e-01,5.314954657313021302e-01,5.143472310753511856e+00,4.646632512442143703e-01,1.000000000000000000e+00,8.415604973647049514e-01,5.533558793182564273e+00
-2.541660536675007975e+01,1.499562980333897144e+01,2.949478598554165387e+01,-9.398400168529530418e-01,2.168916266583125196e-01,5.304187758872002112e-01,5.143506718668938049e+00,4.646553426363366213e-01,1.000000000000000000e+00,8.415604973647049514e-01,5.533558793182564273e+00
-2.541972441253149029e+01,1.499111159462578868e+01,2.949534634798975219e+01,-9.344006055624944906e-01,2.173830076738259010e-01,5.293420940985482659e-01,5.143540927115415329e+00,4.646474163007260905e-01,1.000000000000000000e+00,8.415604973647049514e-01,5.533558793182564273e+00
-2.542284251833093123e+01,1.498659274735319968e+01,2.949590557923020739e+01,-9.289610861519737028e-01,2.178743868062249511e-01,5.282654203981045349e-01,5.143574936099819084e+00,4.646394722383308529e-01,1.000000000000000000e+00,8.415604973647049514e-01,5.533558793182564273e+00
-2.542595968401574780e+01,1.498207326171345422e+01,2.949646367923923407e+01,-9.235214588528091184e-01,2.183657640346041706e-01,5.271887548184572836e-01,5.143608745629037138e+00,4.646315104500979287e-01,1.000000000000000000e+00,8.415604973647049514e-01,5.533558793182564273e+00
-2.542907590945330654e+01,1.497755313789885001e+01,2.949702064799308587e+01,-9.180817238964493754e-01,2.188571393380565056e-01,5.261120973921941113e-01,5.143642355709953762e+00,4.646235309369745603e-01,1.000000000000000000e+00,8.415604973647049514e-01,5.533558793182564273e+00
-2.543214597776211860e+01,1.497309800694209514e+01,2.949756842466685569e+01,-9.127208505227617508e-01,2.193413796188690146e-01,5.250510774241226031e-01,5.143675282765753032e+00,4.646156499197053313e-01,1.000000000000000000e+00,8.415604973647049514e-01,5.533558793182564273e+00
-2.543526033596058866e+01,1.496857661661324457e+01,2.949812314726203510e+01,-9.072809025023538254e-01,2.198327510383069061e-01,5.239744362831499913e-01,5.143708496865809998e+00,4.646076352169186130e-01,1.000000000000000000e+00,8.415604973647049514e-01,5.533558793182564273e+00
-2.543837375351563068e+01,1.496405458868443539e+01,2.949867673853134420e+01,-9.018408475165280436e-01,2.203241204703303424e-01,5.228978033929911895e-01,5.143741511538147293e+00,4.645996027920727411e-01,1.000000000000000000e+00,8.415604973647049514e-01,5.533558793182564273e+00
-2.544148623029433409e+01,1.495953192334871673e+01,2.949922919845115743e+01,-8.964006857975270748e-01,2.208154878939623256e-01,5.218211787863761275e-01,5.143774326789663398e+00,4.645915526461174561e-01,1.000000000000000000e+00,8.415604973647049514e-01,5.533558793182564273e+00
-2.544459776616425373e+01,1.495500862079854265e+01,2.949978052699796649e+01,-8.909604175768492951e-01,2.213068532882935813e-01,5.207445624958840780e-01,5.143806942627262124e+00,4.645834847800014988e-01,1.000000000000000000e+00,8.415604973647049514e-01,5.533558793182564273e+00
-2.544770836099289113e+01,1.495048468122652530e+01,2.950033072414829505e+01,-8.855200430861493999e-01,2.217982166324006243e-01,5.196679545541220691e-01,5.143839359057851723e+00,4.645753991946740546e-01,1.000000000000000000e+00,8.415604973647049514e-01,5.533558793182564273e+00
-2.545081801464785443e+01,1.494596010482521287e+01,2.950087978987872006e+01,-8.800795625569826086e-01,2.222895779053701837e-01,5.185913549936722600e-01,5.143871576088344000e+00,4.645672958910846972e-01,1.000000000000000000e+00,8.415604973647049514e-01,5.533558793182564273e+00
-2.545392672699640713e+01,1.494143489178774331e+01,2.950142772416581494e+01,-8.746389762215827091e-01,2.227809370862277039e-01,5.175147638472473721e-01,5.143903593725648093e+00,4.645591748701839996e-01,1.000000000000000000e+00,8.415604973647049514e-01,5.533558793182564273e+00
-2.545698939024556751e+01,1.493697474699148309e+01,2.950196659733931170e+01,-8.692772656381482221e-01,2.232651613149987391e-01,5.164538094516709643e-01,5.143934951508716935e+00,4.645511544067708054e-01,1.000000000000000000e+00,8.415604973647049514e-01,5.533558793182564273e+00
-2.546009623325391402e+01,1.493244827049419143e+01,2.950251228509542756e+01,-8.638364699123197710e-01,2.237565162800401186e-01,5.153772351076548741e-01,5.143966573274673770e+00,4.645429982112584955e-01,1.000000000000000000e+00,8.415604973647049514e-01,5.533558793182564273e+00
-2.546320213456063541e+01,1.492792115793628938e+01,2.950305684133867601e+01,-8.583955690721438714e-01,2.242478690904843308e-01,5.143006692750191622e-01,5.143997995668106782e+00,4.645348243012726863e-01,1.000000000000000000e+00,8.415604973647049514e-01,5.533558793182564273e+00
-2.546630709403356363e+01,1.492339340951042104e+01,2.950360026604587915e+01,-8.529545633491526502e-01,2.247392197254225454e-01,5.132241119863200085e-01,5.144029218695941097e+00,4.645266326777638954e-01,1.000000000000000000e+00,8.415604973647049514e-01,5.533558793182564273e+00
-2.546941111154063009e+01,1.491886502540917370e+01,2.950414255919391593e+01,-8.475134529747769818e-01,2.252305681639552581e-01,5.121475632740949413e-01,5.144060242365111613e+00,4.645184233416828623e-01,1.000000000000000000e+00,8.415604973647049514e-01,5.533558793182564273e+00
-2.547251418694926528e+01,1.491433600582594643e+01,2.950468372075962975e+01,-8.420722381813963153e-01,2.257219143850974774e-01,5.110710231710586804e-01,5.144091066682547009e+00,4.645101962939821028e-01,1.000000000000000000e+00,8.415604973647049514e-01,5.533558793182564273e+00
-2.547561632012749655e+01,1.490980635095336204e+01,2.950522375072000614e+01,-8.366309192004308670e-01,2.262132583679521414e-01,5.099944917097366526e-01,5.144121691655187512e+00,4.645019515356129114e-01,1.000000000000000000e+00,8.415604973647049514e-01,5.533558793182564273e+00
-2.547871751094329085e+01,1.490527606098421209e+01,2.950576264905206259e+01,-8.311894962634731598e-01,2.267046000916066451e-01,5.089179689226838166e-01,5.144152117289975124e+00,4.644936890675270269e-01,1.000000000000000000e+00,8.415604973647049514e-01,5.533558793182564273e+00
-2.548177276081384690e+01,1.490081091446330497e+01,2.950629261726156471e+01,-8.258269630340251410e-01,2.271888069530627607e-01,5.078570821488530562e-01,5.144181906235211876e+00,4.644855292176999773e-01,1.000000000000000000e+00,8.415604973647049514e-01,5.533558793182564273e+00
-2.548487208019280459e+01,1.489627936409306663e+01,2.950682926869636091e+01,-8.203853343818785504e-01,2.276801441290163819e-01,5.067805766811438462e-01,5.144211936108590066e+00,4.644772315900905224e-01,1.000000000000000000e+00,8.415604973647049514e-01,5.533558793182564273e+00
-2.548797045681509843e+01,1.489174717920240099e+01,2.950736478843444388e+01,-8.149436024656733224e-01,2.281714789832920420e-01,5.057040799849731316e-01,5.144241766664854332e+00,4.644689162556084328e-01,1.000000000000000000e+00,8.415604973647049514e-01,5.533558793182564273e+00
-2.549106789054841471e+01,1.488721435998486342e+01,2.950789917645295191e+01,-8.095017675178013405e-01,2.286628114949069701e-01,5.046275920930366476e-01,5.144271397910961774e+00,4.644605832152078340e-01,1.000000000000000000e+00,8.415604973647049514e-01,5.533558793182564273e+00
-2.549416438126100459e+01,1.488268090663325971e+01,2.950843243272915828e+01,-8.040598297697378882e-01,2.291541416429623279e-01,5.035511130378461653e-01,5.144300829853865942e+00,4.644522324698416860e-01,1.000000000000000000e+00,8.415604973647049514e-01,5.533558793182564273e+00
-2.549725992882109438e+01,1.487814681934050398e+01,2.950896455724036116e+01,-7.986177894530523957e-01,2.296454694065495072e-01,5.024746428519289987e-01,5.144330062500530154e+00,4.644438640204631152e-01,1.000000000000000000e+00,8.415604973647049514e-01,5.533558793182564273e+00
-2.550035453309653377e+01,1.487361209830015341e+01,2.950949554996385160e+01,-7.931756468000710214e-01,2.301367947646943968e-01,5.013981815679545706e-01,5.144359095857918618e+00,4.644354778680271911e-01,1.000000000000000000e+00,8.415604973647049514e-01,5.533558793182564273e+00
-2.550344819395566276e+01,1.486907674370516119e+01,2.951002541087704145e+01,-7.877334020423454319e-01,2.306281176964917190e-01,5.003217292184392040e-01,5.144387929932999093e+00,4.644270740134877062e-01,1.000000000000000000e+00,8.415604973647049514e-01,5.533558793182564273e+00
-2.550649602214894074e+01,1.486460660758784691e+01,2.951054647268305331e+01,-7.823700607326049550e-01,2.311123058754296355e-01,4.992609121140066386e-01,5.144416150477002070e+00,4.644187748371123581e-01,1.000000000000000000e+00,8.415604973647049514e-01,5.533558793182564273e+00
-2.550958780948013072e+01,1.486006999565326225e+01,2.951107408633885854e+01,-7.769276139347027765e-01,2.316036239277241560e-01,4.981844776002241626e-01,5.144444588901039950e+00,4.644103358381699298e-01,1.000000000000000000e+00,8.415604973647049514e-01,5.533558793182564273e+00
-2.551267865300170001e+01,1.485553275074087232e+01,2.951160056811711385e+01,-7.714850657241587584e-01,2.320949394911897556e-01,4.971080521181091560e-01,5.144472828063591407e+00,4.644018791399744939e-01,1.000000000000000000e+00,8.415604973647049514e-01,5.533558793182564273e+00
-2.551576855258216270e+01,1.485099487304371024e+01,2.951212591799543716e+01,-7.660424163325174618e-01,2.325862525449247098e-01,4.960316357001596788e-01,5.144500867971637525e+00,4.643934047434807866e-01,1.000000000000000000e+00,8.415604973647049514e-01,5.533558793182564273e+00
-2.551885750808958164e+01,1.484645636275551261e+01,2.951265013595137177e+01,-7.605996659921547831e-01,2.330775630679513544e-01,4.949552283790326634e-01,5.144528708632162051e+00,4.643849126496452095e-01,1.000000000000000000e+00,8.415604973647049514e-01,5.533558793182564273e+00
-2.552194551939253131e+01,1.484191722006939784e+01,2.951317322196263149e+01,-7.551568149346579162e-01,2.335688710393655221e-01,4.938788301872265585e-01,5.144556350052154059e+00,4.643764028594233872e-01,1.000000000000000000e+00,8.415604973647049514e-01,5.533558793182564273e+00
-2.552503258635946537e+01,1.483737744517872592e+01,2.951369517600692660e+01,-7.497138633918822848e-01,2.340601764382377326e-01,4.928024411572896057e-01,5.144583792238603515e+00,4.643678753737713882e-01,1.000000000000000000e+00,8.415604973647049514e-01,5.533558793182564273e+00
-2.552807391548224558e+01,1.483290295425456051e+01,2.951420844557230083e+01,-7.443498271415993628e-01,2.345443471957480153e-01,4.917416866757003957e-01,5.144610641147258079e+00,4.643594543675225728e-01,1.000000000000000000e+00,8.415604973647049514e-01,5.533558793182564273e+00
-2.553115910709606595e+01,1.482836192470538172e+01,2.951472815204918732e+01,-7.389066767740963826e-01,2.350356474248596061e-01,4.906653159329376623e-01,5.144637687779558100e+00,4.643508917507230271e-01,1.000000000000000000e+00,8.415604973647049514e-01,5.533558793182564273e+00
-2.553424335398144507e+01,1.482382026352899196e+01,2.951524672649288306e+01,-7.334634266134401059e-01,2.355269450189561020e-01,4.895889544491757173e-01,5.144664535199209077e+00,4.643423114413495756e-01,1.000000000000000000e+00,8.415604973647049514e-01,5.533558793182564273e+00
-2.553732665600711726e+01,1.481927797091868726e+01,2.951576416888131504e+01,-7.280200768912994391e-01,2.360182399571282286e-01,4.885126022569076798e-01,5.144691183413216962e+00,4.643337134403586752e-01,1.000000000000000000e+00,8.415604973647049514e-01,5.533558793182564273e+00
-2.554040901304146516e+01,1.481473504706836053e+01,2.951628047919240316e+01,-7.225766278400325149e-01,2.365095322184040949e-01,4.874362593887611728e-01,5.144717632428585929e+00,4.643250977487087261e-01,1.000000000000000000e+00,8.415604973647049514e-01,5.533558793182564273e+00
-2.554349042495332611e+01,1.481019149217132913e+01,2.951679565740416677e+01,-7.171330796912744887e-01,2.370008217818775353e-01,4.863599258772173806e-01,5.144743882252327261e+00,4.643164643673572400e-01,1.000000000000000000e+00,8.415604973647049514e-01,5.533558793182564273e+00
-2.554657089161162986e+01,1.480564730642085536e+01,2.951730970349469985e+01,-7.116894326765716983e-01,2.374921086266512660e-01,4.852836017547340064e-01,5.144769932891457564e+00,4.643078132972613958e-01,1.000000000000000000e+00,8.415604973647049514e-01,5.533558793182564273e+00
-2.554960571534218872e+01,1.480116846999054481e+01,2.951781517975255298e+01,-7.063247126354657013e-01,2.379762609563338405e-01,4.842229114607888296e-01,5.144795410501276756e+00,4.642992705071443682e-01,1.000000000000000000e+00,8.415604973647049514e-01,5.533558793182564273e+00
-2.555268430482592734e+01,1.479662303226550968e+01,2.951832697797028260e+01,-7.008808700121988977e-01,2.384675423410720363e-01,4.831466060766843040e-01,5.144821065683477634e+00,4.642905843191831305e-01,1.000000000000000000e+00,8.415604973647049514e-01,5.533558793182564273e+00
-2.555576194866446116e+01,1.479207696426503027e+01,2.951883764400155030e+01,-6.954369292153099735e-01,2.389588209446302791e-01,4.820703101787287004e-01,5.144846521702028497e+00,4.642818804453394677e-01,1.000000000000000000e+00,8.415604973647049514e-01,5.533558793182564273e+00
-2.555883864672640371e+01,1.478753026618318422e+01,2.951934717782454953e+01,-6.899928904772032467e-01,2.394500967460353458e-01,4.809940237995356527e-01,5.144871778563960163e+00,4.642731588865732784e-01,1.000000000000000000e+00,8.415604973647049514e-01,5.533558793182564273e+00
-2.556191439888085881e+01,1.478298293821340437e+01,2.951985557941760518e+01,-6.845487540294925566e-01,2.399413697243866217e-01,4.799177469715572020e-01,5.144896836276299901e+00,4.642644196438435178e-01,1.000000000000000000e+00,8.415604973647049514e-01,5.533558793182564273e+00
-2.556498920499693384e+01,1.477843498054921056e+01,2.952036284875907768e+01,-6.791045201038592438e-01,2.404326398587766089e-01,4.788414797272563805e-01,5.144921694846082971e+00,4.642556627181093076e-01,1.000000000000000000e+00,8.415604973647049514e-01,5.533558793182564273e+00
-2.556801844958978975e+01,1.477395242809469522e+01,2.952086164651627698e+01,-6.737392230296848084e-01,2.409167755981156400e-01,4.777808456761785671e-01,5.144945997732560450e+00,4.642470156146390470e-01,1.000000000000000000e+00,8.415604973647049514e-01,5.533558793182564273e+00
-2.557109137697384327e+01,1.476940322075751766e+01,2.952136666772701901e+01,-6.682947962513114959e-01,2.414080400237819113e-01,4.767045975565806781e-01,5.144970460928975697e+00,4.642382235824402126e-01,1.000000000000000000e+00,8.415604973647049514e-01,5.533558793182564273e+00
-2.557416335792863293e+01,1.476485338430434879e+01,2.952187055662182047e+01,-6.628502726873453099e-01,2.418993015430155324e-01,4.756283591176806436e-01,5.144994725003855685e+00,4.642294138701033579e-01,1.000000000000000000e+00,8.415604973647049514e-01,5.533558793182564273e+00
-2.557723439232300322e+01,1.476030291892942437e+01,2.952237331317916613e+01,-6.574056525702207665e-01,2.423905601348430583e-01,4.745521303920736678e-01,5.145018789964248995e+00,4.642205864785901581e-01,1.000000000000000000e+00,8.415604973647049514e-01,5.533558793182564273e+00
-2.558030448002627821e+01,1.475575182482637615e+01,2.952287493737766155e+01,-6.519609361316174301e-01,2.428818157783614318e-01,4.734759114122015222e-01,5.145042655817205990e+00,4.642117414088610117e-01,1.000000000000000000e+00,8.415604973647049514e-01,5.533558793182564273e+00
-2.558337362090786726e+01,1.475120010218879329e+01,2.952337542919597269e+01,-6.465161236031349290e-01,2.433730684526735910e-01,4.723997022104883259e-01,5.145066322569785022e+00,4.642028786618765945e-01,1.000000000000000000e+00,8.415604973647049514e-01,5.533558793182564273e+00
-2.558639728174027184e+01,1.474671384055062440e+01,2.952386754769132438e+01,-6.411502576835506062e-01,2.438571868628587325e-01,4.713391255496794385e-01,5.145089450981521928e+00,4.641941272789515405e-01,1.000000000000000000e+00,8.415604973647049514e-01,5.533558793182564273e+00
-2.558946454233523937e+01,1.474216087054358226e+01,2.952436579112440285e+01,-6.357052550584825212e-01,2.443484335797641016e-01,4.702629358587827046e-01,5.145112722444530995e+00,4.641852294369225307e-01,1.000000000000000000e+00,8.415604973647049514e-01,5.533558793182564273e+00
-2.559253085571832287e+01,1.473760727258093794e+01,2.952486290211378162e+01,-6.302601570359822603e-01,2.448396772649896747e-01,4.691867560430174056e-01,5.145135794828239462e+00,4.641763139205093980e-01,1.000000000000000000e+00,8.415604973647049514e-01,5.533558793182564273e+00
-2.559559622175860127e+01,1.473305304685712613e+01,2.952535888063824743e+01,-6.248149638485447355e-01,2.453309178975602300e-01,4.681105861349696973e-01,5.145158668139718117e+00,4.641673807306756494e-01,1.000000000000000000e+00,8.415604973647049514e-01,5.533558793182564273e+00
-2.559866064032565802e+01,1.472849819356591183e+01,2.952585372667669006e+01,-6.193696757278424059e-01,2.458221554565751532e-01,4.670344261670564823e-01,5.145181342386034196e+00,4.641584298683831822e-01,1.000000000000000000e+00,8.415604973647049514e-01,5.533558793182564273e+00
-2.560172411128894865e+01,1.472394271290132295e+01,2.952634744020803481e+01,-6.139242929058390530e-01,2.463133899211089606e-01,4.659582761717488975e-01,5.145203817574265592e+00,4.641494613345947817e-01,1.000000000000000000e+00,8.415604973647049514e-01,5.533558793182564273e+00
-2.560474218374684696e+01,1.471945274892546784e+01,2.952683287869058759e+01,-6.085578663290682755e-01,2.467974902633833789e-01,4.648977580479018989e-01,5.145225771760569167e+00,4.641406057061694956e-01,1.000000000000000000e+00,8.415604973647049514e-01,5.533558793182564273e+00
-2.560780377287194298e+01,1.471489602319659262e+01,2.952732434358565072e+01,-6.031122961666248727e-01,2.472887185218630712e-01,4.638216279492478611e-01,5.145247851743265599e+00,4.641316020887747418e-01,1.000000000000000000e+00,8.415604973647049514e-01,5.533558793182564273e+00
-2.561086441400383862e+01,1.471033867067370160e+01,2.952781467591097453e+01,-5.976666319953309880e-01,2.477799436233958374e-01,4.627455079201044930e-01,5.145269732689018660e+00,4.641225808027600319e-01,1.000000000000000000e+00,8.415604973647049514e-01,5.533558793182564273e+00
-2.561392410701229494e+01,1.470578069155072498e+01,2.952830387564569747e+01,-5.922208740469159238e-01,2.482711655470783985e-01,4.616693979928836455e-01,5.145291414604915126e+00,4.641135418490888176e-01,1.000000000000000000e+00,8.415604973647049514e-01,5.533558793182564273e+00
-2.561698285176669287e+01,1.470122208602224489e+01,2.952879194276892960e+01,-5.867750225538603814e-01,2.487623842719408618e-01,4.605932982001386677e-01,5.145312897498044435e+00,4.641044852287262712e-01,1.000000000000000000e+00,8.415604973647049514e-01,5.533558793182564273e+00
-2.562004064813688586e+01,1.469666285428222707e+01,2.952927887725990885e+01,-5.813290777478830051e-01,2.492535997770815026e-01,4.595172085742705859e-01,5.145334181375504912e+00,4.640954109426361773e-01,1.000000000000000000e+00,8.415604973647049514e-01,5.533558793182564273e+00
-2.562305312761439069e+01,1.469216919482082773e+01,2.952975763498883310e+01,-5.759620987036413453e-01,2.497376813126586104e-01,4.584567501335564121e-01,5.145354961586381393e+00,4.640864511027222306e-01,1.000000000000000000e+00,8.415604973647049514e-01,5.533558793182564273e+00
-2.562610904059752315e+01,1.468760872032384590e+01,2.953024232059588883e+01,-5.705159693139556509e-01,2.502288903630809358e-01,4.573806807900179794e-01,5.145375850342579049e+00,4.640773417444836180e-01,1.000000000000000000e+00,8.415604973647049514e-01,5.533558793182564273e+00
-2.562916400480772339e+01,1.468304762019517717e+01,2.953072587350891709e+01,-5.650697473038928109e-01,2.507200961313167387e-01,4.563046217102108559e-01,5.145396540104307803e+00,4.640682147233980426e-01,1.000000000000000000e+00,8.415604973647049514e-01,5.533558793182564273e+00
-2.563221802011499761e+01,1.467848589462891162e+01,2.953120829370732991e+01,-5.596234329052034440e-01,2.512112985964642942e-01,4.552285729265269643e-01,5.145417030878672193e+00,4.640590700404307323e-01,1.000000000000000000e+00,8.415604973647049514e-01,5.533558793182564273e+00
-2.563527108638897190e+01,1.467392354381978770e+01,2.953168958117054999e+01,-5.541770263503877914e-01,2.517024977375537098e-01,4.541525344715021117e-01,5.145437322672785641e+00,4.640499076965482472e-01,1.000000000000000000e+00,8.415604973647049514e-01,5.533558793182564273e+00
-2.563832320349973415e+01,1.466936056796192922e+01,2.953216973587807814e+01,-5.487305278711893664e-01,2.521936935336850372e-01,4.530765063775164525e-01,5.145457415493761566e+00,4.640407276927162594e-01,1.000000000000000000e+00,8.415604973647049514e-01,5.533558793182564273e+00
-2.564133008539969438e+01,1.466486321987246733e+01,2.953264181212276540e+01,-5.433630045496773420e-01,2.526777555238390871e-01,4.520161087653893905e-01,5.145477021979924181e+00,4.640316636753811230e-01,1.000000000000000000e+00,8.415604973647049514e-01,5.533558793182564273e+00
-2.564438031757742564e+01,1.466029900356683058e+01,2.953311971770217070e+01,-5.379163242437439152e-01,2.531689446166009994e-01,4.509401013391848845e-01,5.145496719764149240e+00,4.640224486108771029e-01,1.000000000000000000e+00,8.415604973647049514e-01,5.533558793182564273e+00
-2.564742960020392104e+01,1.465573416279282704e+01,2.953359649046497637e+01,-5.324695527060878675e-01,2.536601303019379028e-01,4.498641043708313525e-01,5.145516218596494440e+00,4.640132158893088832e-01,1.000000000000000000e+00,8.415604973647049514e-01,5.533558793182564273e+00
-2.565047793314949232e+01,1.465116869774460717e+01,2.953407213039090351e+01,-5.270226901683674470e-01,2.541513125589598410e-01,4.487881178926779180e-01,5.145535518484090076e+00,4.640039655116431350e-01,1.000000000000000000e+00,8.415604973647049514e-01,5.533558793182564273e+00
-2.565352531628392185e+01,1.464660260861719010e+01,2.953454663745963416e+01,-5.215757368632534252e-01,2.546424913666844869e-01,4.477121419372708799e-01,5.145554619434067334e+00,4.639946974788480283e-01,1.000000000000000000e+00,8.415604973647049514e-01,5.533558793182564273e+00
-2.565657174947760311e+01,1.464203589560477603e+01,2.953502001165098179e+01,-5.161286930224093794e-01,2.551336667042218842e-01,4.466361765369525338e-01,5.145573521453560062e+00,4.639854117918908449e-01,1.000000000000000000e+00,8.415604973647049514e-01,5.533558793182564273e+00
-2.565957302921139060e+01,1.463753486575038920e+01,2.953548540569102343e+01,-5.107606336146872650e-01,2.556177084102548847e-01,4.455758408982232188e-01,5.145591954466426365e+00,4.639762436312580562e-01,1.000000000000000000e+00,8.415604973647049514e-01,5.533558793182564273e+00
-2.566261757592893389e+01,1.463296691460129750e+01,2.953595653051347369e+01,-5.053134107043852907e-01,2.561088767957793166e-01,4.444998965509255884e-01,5.145610461533912883e+00,4.639669228951243118e-01,1.000000000000000000e+00,8.415604973647049514e-01,5.533558793182564273e+00
-2.566566117231840849e+01,1.462839834014807039e+01,2.953642652239848232e+01,-4.998660979511058144e-01,2.566000416486506897e-01,4.434239628554770829e-01,5.145628769692231153e+00,4.639575845077185678e-01,1.000000000000000000e+00,8.415604973647049514e-01,5.533558793182564273e+00
-2.566870381825034286e+01,1.462382914258506261e+01,2.953689538132606529e+01,-4.944186955865852440e-01,2.570912029479741623e-01,4.423480398442213302e-01,5.145646878948532787e+00,4.639482284700090498e-01,1.000000000000000000e+00,8.415604973647049514e-01,5.533558793182564273e+00
-2.567174551359482493e+01,1.461925932210734835e+01,2.953736310727619596e+01,-4.889712038433948749e-01,2.575823606727796200e-01,4.412721275496601092e-01,5.145664789309967624e+00,4.639388547829654263e-01,1.000000000000000000e+00,8.415604973647049514e-01,5.533558793182564273e+00
-2.567474212362459696e+01,1.461475523084699724e+01,2.953782293497084055e+01,-4.836027041673460758e-01,2.580663849196913606e-01,4.402118444038544687e-01,5.145682245095181351e+00,4.639295999044369956e-01,1.000000000000000000e+00,8.415604973647049514e-01,5.533558793182564273e+00
-2.567778193120981811e+01,1.461018417415906434e+01,2.953828841135413796e+01,-4.781550356515626987e-01,2.585575354853866248e-01,4.391359534830328037e-01,5.145699760575372927e+00,4.639201911778061960e-01,1.000000000000000000e+00,8.415604973647049514e-01,5.533558793182564273e+00
-2.568082078782124000e+01,1.460561249513713733e+01,2.953875275470069894e+01,-4.727072784492651891e-01,2.590486824141591260e-01,4.380600733754924092e-01,5.145717077182069055e+00,4.639107648047345323e-01,1.000000000000000000e+00,8.415604973647049514e-01,5.533558793182564273e+00
-2.568385869332904647e+01,1.460104019397651776e+01,2.953921596499069224e+01,-4.672594327931829383e-01,2.595398256850269814e-01,4.369842041137513844e-01,5.145734194922428451e+00,4.639013207861930610e-01,1.000000000000000000e+00,8.415604973647049514e-01,5.533558793182564273e+00
-2.568689564760402178e+01,1.459646727087167406e+01,2.953967804220440740e+01,-4.618114989150257088e-01,2.600309652771013447e-01,4.359083457301263231e-01,5.145751113803621379e+00,4.638918591231516175e-01,1.000000000000000000e+00,8.415604973647049514e-01,5.533558793182564273e+00
-2.568988758475748213e+01,1.459196012297351253e+01,2.954013230306687277e+01,-4.564425646538943226e-01,2.605149715524905929e-01,4.348481158705603256e-01,5.145767592536496515e+00,4.638825175504713849e-01,1.000000000000000000e+00,8.415604973647049514e-01,5.533558793182564273e+00
-2.569292264999211994e+01,1.458738596558614020e+01,2.954059213051821331e+01,-4.509944563001013762e-01,2.610061037783726334e-01,4.337722791812231304e-01,5.145784116607375225e+00,4.638730208574448066e-01,1.000000000000000000e+00,8.415604973647049514e-01,5.533558793182564273e+00
-2.569595676360783543e+01,1.458281118683617983e+01,2.954105082483466660e+01,-4.455462604170765673e-01,2.614972322630013668e-01,4.326964534666651874e-01,5.145800441840507666e+00,4.638635065228163268e-01,1.000000000000000000e+00,8.415604973647049514e-01,5.533558793182564273e+00
-2.569898992547552652e+01,1.457823578691827571e+01,2.954150838599670337e+01,-4.400979772366309106e-01,2.619883569854803973e-01,4.316206387592076976e-01,5.145816568243068545e+00,4.638539745475563358e-01,1.000000000000000000e+00,8.415604973647049514e-01,5.533558793182564273e+00
-2.570202213546570391e+01,1.457365976602776136e+01,2.954196481398479790e+01,-4.346496069913587945e-01,2.624794779248424970e-01,4.305448350913175237e-01,5.145832495822243224e+00,4.638444249326378332e-01,1.000000000000000000e+00,8.415604973647049514e-01,5.533558793182564273e+00
-2.570505339344934015e+01,1.456908312435935393e+01,2.954242010877952751e+01,-4.292011499131014318e-01,2.629705950601894937e-01,4.294690424953150898e-01,5.145848224585220620e+00,4.638348576790317090e-01,1.000000000000000000e+00,8.415604973647049514e-01,5.533558793182564273e+00
-2.570803971624580697e+01,1.456457231301983768e+01,2.954286768556667653e+01,-4.238317014059180821e-01,2.634545790823474842e-01,4.284088776578987567e-01,5.145863530518457019e+00,4.638254120542955050e-01,1.000000000000000000e+00,8.415604973647049514e-01,5.533558793182564273e+00
-2.571106908365370458e+01,1.455999443938498850e+01,2.954332073036740525e+01,-4.183830726099682096e-01,2.639456886028932470e-01,4.273331071408356663e-01,5.145878864556492793e+00,4.638158097822500103e-01,1.000000000000000000e+00,8.415604973647049514e-01,5.533558793182564273e+00
-2.571409749866970174e+01,1.455541594555433349e+01,2.954377264191701613e+01,-4.129343576739188393e-01,2.644367942569691987e-01,4.262573477922641518e-01,5.145893999799808327e+00,4.638061898744200162e-01,1.000000000000000000e+00,8.415604973647049514e-01,5.533558793182564273e+00
-2.571712496116495572e+01,1.455083683172266440e+01,2.954422342019627834e+01,-4.074855568295827624e-01,2.649278960236820524e-01,4.251815996444821555e-01,5.145908936255602306e+00,4.637965523317774674e-01,1.000000000000000000e+00,8.415604973647049514e-01,5.533558793182564273e+00
-2.572015147101022237e+01,1.454625709808546574e+01,2.954467306518594683e+01,-4.020366703095739069e-01,2.654189938820661343e-01,4.241058627299418848e-01,5.145923673931076081e+00,4.637868971552966957e-01,1.000000000000000000e+00,8.415604973647049514e-01,5.533558793182564273e+00
-2.572313311396598223e+01,1.454174324061363421e+01,2.954511507409031168e+01,-3.966667997270150181e-01,2.659029588050385584e-01,4.230457529235371328e-01,5.145938003199188593e+00,4.637773648887761335e-01,1.000000000000000000e+00,8.415604973647049514e-01,5.533558793182564273e+00
-2.572615773195894562e+01,1.453716227694039986e+01,2.954556246889570303e+01,-3.912177437864894358e-01,2.663940488415736940e-01,4.219700384081174205e-01,5.145952346221013052e+00,4.637676747034866209e-01,1.000000000000000000e+00,8.415604973647049514e-01,5.533558793182564273e+00
-2.572918139691713080e+01,1.453258069404415131e+01,2.954600873035445474e+01,-3.857686028632780761e-01,2.668851349073237955e-01,4.208943352225083534e-01,5.145966490484042311e+00,4.637579668872653382e-01,1.000000000000000000e+00,8.415604973647049514e-01,5.533558793182564273e+00
-2.573220410871191888e+01,1.452799849211979222e+01,2.954645385844759176e+01,-3.803193771891866248e-01,2.673762169813977962e-01,4.198186433989863908e-01,5.145980435995498148e+00,4.637482414410865061e-01,1.000000000000000000e+00,8.415604973647049514e-01,5.533558793182564273e+00
-2.573522586721470162e+01,1.452341567136226885e+01,2.954689785315616746e+01,-3.748700669960527421e-01,2.678672950429035193e-01,4.187429629698309896e-01,5.145994182762595237e+00,4.637384983659235682e-01,1.000000000000000000e+00,8.415604973647049514e-01,5.533558793182564273e+00
-2.573820282717320396e+01,1.451889877253679551e+01,2.954733429370982023e+01,-3.694997800230179763e-01,2.683512403543333313e-01,4.176829089866025413e-01,5.146007535542191924e+00,4.637288794814660720e-01,1.000000000000000000e+00,8.415604973647049514e-01,5.533558793182564273e+00
-2.574122269254868911e+01,1.451431472367559650e+01,2.954777603804614827e+01,-3.640503027074970532e-01,2.688423103868808894e-01,4.166072512767531877e-01,5.146020887727089210e+00,4.637191014071392892e-01,1.000000000000000000e+00,8.415604973647049514e-01,5.533558793182564273e+00
-2.574424160424802466e+01,1.450973005656410386e+01,2.954821664894160449e+01,-3.586007415659242525e-01,2.693333763444105688e-01,4.155316050577858578e-01,5.146034041189203379e+00,4.637093057067389612e-01,1.000000000000000000e+00,8.415604973647049514e-01,5.533558793182564273e+00
-2.574725956214228617e+01,1.450514477139810054e+01,2.954865612637737016e+01,-3.531510968310165310e-01,2.698244382059518109e-01,4.144559703621369939e-01,5.146046995935769530e+00,4.636994923812418068e-01,1.000000000000000000e+00,8.415604973647049514e-01,5.533558793182564273e+00
-2.575023277616300632e+01,1.450062544470024584e+01,2.954908811516058265e+01,-3.477804810774447475e-01,2.703083674710518025e-01,4.133959615744978167e-01,5.146059568220508140e+00,4.636898042700515199e-01,1.000000000000000000e+00,8.415604973647049514e-01,5.533558793182564273e+00
-2.575324883991254055e+01,1.449603893297568646e+01,2.954952534207561143e+01,-3.423306710567572964e-01,2.707994211381363758e-01,4.123203498538721146e-01,5.146072128442108706e+00,4.636799559531089576e-01,1.000000000000000000e+00,8.415604973647049514e-01,5.533558793182564273e+00
-2.575626394947367004e+01,1.449145180377928455e+01,2.954996143547524312e+01,-3.368807781351570441e-01,2.712904706468406424e-01,4.112447497529250762e-01,5.146084489969775078e+00,4.636700900139821280e-01,1.000000000000000000e+00,8.415604973647049514e-01,5.533558793182564273e+00
-2.575927810471762314e+01,1.448686405730694915e+01,2.955039639534086504e+01,-3.314308025454053563e-01,2.717815159761922672e-01,4.101691613040858719e-01,5.146096652810749461e+00,4.636602064536485268e-01,1.000000000000000000e+00,8.415604973647049514e-01,5.533558793182564273e+00
-2.576229130551619306e+01,1.448227569375382195e+01,2.955083022165397466e+01,-3.259807445193168007e-01,2.722725571053046245e-01,4.090935845395968773e-01,5.146108616972286498e+00,4.636503052730846508e-01,1.000000000000000000e+00,8.415604973647049514e-01,5.533558793182564273e+00
-2.576525983087199023e+01,1.447775333430950973e+01,2.955125664125927543e+01,-3.206097226061945804e-01,2.727564658369421302e-01,4.080336329996954170e-01,5.146120213087306716e+00,4.636405305869505389e-01,1.000000000000000000e+00,8.415604973647049514e-01,5.533558793182564273e+00
-2.576827113625474652e+01,1.447316374613207124e+01,2.955168821686800840e+01,-3.151595015922286080e-01,2.732474985645529930e-01,4.069580795300381526e-01,5.146131782795620779e+00,4.636305944246083555e-01,1.000000000000000000e+00,8.415604973647049514e-01,5.533558793182564273e+00
-2.577128148680905184e+01,1.446857354145741859e+01,2.955211865886920464e+01,-3.097091988350211267e-01,2.737385270294798723e-01,4.058825378411656803e-01,5.146143153846154839e+00,4.636206406449532857e-01,1.000000000000000000e+00,8.415604973647049514e-01,5.533558793182564273e+00
-2.577429088240679533e+01,1.446398272048089773e+01,2.955254796724453925e+01,-3.042588145665146016e-01,2.742295512108257061e-01,4.048070079653295905e-01,5.146154326246176858e+00,4.636106692489629366e-01,1.000000000000000000e+00,8.415604973647049514e-01,5.533558793182564273e+00
-2.577729932291952153e+01,1.445939128339847457e+01,2.955297614197569089e+01,-2.988083490193655933e-01,2.747205710876308160e-01,4.037314899349210284e-01,5.146165300002947696e+00,4.636006802376161362e-01,1.000000000000000000e+00,8.415604973647049514e-01,5.533558793182564273e+00
-2.578026315646724598e+01,1.445486589599608251e+01,2.955339699195157266e+01,-2.934369266336585014e-01,2.752044587734316927e-01,4.026715964340494280e-01,5.146175920125974024e+00,4.635908190004768281e-01,1.000000000000000000e+00,8.415604973647049514e-01,5.533558793182564273e+00
-2.578326970029523224e+01,1.445027323622464976e+01,2.955382291579712017e+01,-2.879863003964331369e-01,2.756954700417246773e-01,4.015961020180752739e-01,5.146186499501427924e+00,4.635807950170313108e-01,1.000000000000000000e+00,8.415604973647049514e-01,5.533558793182564273e+00
-2.578627528865570895e+01,1.444567996093132223e+01,2.955424770594417438e+01,-2.825355935737565716e-01,2.761864769430304456e-01,4.005206195439254269e-01,5.146196880255343054e+00,4.635707534211511716e-01,1.000000000000000000e+00,8.415604973647049514e-01,5.533558793182564273e+00
-2.578927992142083170e+01,1.444108607031147429e+01,2.955467136237466264e+01,-2.770848063974771236e-01,2.766774794564637041e-01,3.994451490438143404e-01,5.146207062394996257e+00,4.635606942138145170e-01,1.000000000000000000e+00,8.415604973647049514e-01,5.533558793182564273e+00
-2.579224000199755196e+01,1.443655826575137802e+01,2.955508775956980827e+01,-2.717130679566182039e-01,2.771613499494256505e-01,3.983853025090740574e-01,5.146216902420905015e+00,4.635507638035122335e-01,1.000000000000000000e+00,8.415604973647049514e-01,5.533558793182564273e+00
-2.579524273706469373e+01,1.443196315399099383e+01,2.955550916497148251e+01,-2.662621219277898632e-01,2.776523436888198582e-01,3.973098558788871193e-01,5.146226690236838763e+00,4.635406696318253306e-01,1.000000000000000000e+00,8.415604973647049514e-01,5.533558793182564273e+00
-2.579824451615448666e+01,1.442736742748841294e+01,2.955592943660285954e+01,-2.608110962385907783e-01,2.781433329778975061e-01,3.962344213191001385e-01,5.146236279460262963e+00,4.635305578516069058e-01,1.000000000000000000e+00,8.415604973647049514e-01,5.533558793182564273e+00
-2.580124533913924267e+01,1.442277108643911809e+01,2.955634857444606567e+01,-2.553599911208852546e-01,2.786343177957737449e-01,3.951589988619183536e-01,5.146245670098471336e+00,4.635204284638365646e-01,1.000000000000000000e+00,8.415604973647049514e-01,5.533558793182564273e+00
-2.580424520589081538e+01,1.441817413103938250e+01,2.955676657848319167e+01,-2.499088068074470925e-01,2.791252981214822348e-01,3.940835885397201421e-01,5.146254862158755827e+00,4.635102814694955775e-01,1.000000000000000000e+00,8.415604973647049514e-01,5.533558793182564273e+00
-2.580720058901670555e+01,1.441364330714472608e+01,2.955717740525140158e+01,-2.445366781272806378e-01,2.796091466467800490e-01,3.930238014667445934e-01,5.146263726513485182e+00,4.635002645513424113e-01,1.000000000000000000e+00,8.415604973647049514e-01,5.533558793182564273e+00
-2.581019855680497344e+01,1.440904513254210961e+01,2.955759315808277421e+01,-2.390853372594250459e-01,2.801001179914530681e-01,3.919484153338089194e-01,5.146272524322243136e+00,4.634900826023538034e-01,1.000000000000000000e+00,8.415604973647049514e-01,5.533558793182564273e+00
-2.581319556797870618e+01,1.440444634417370473e+01,2.955800777705506377e+01,-2.336339178890476376e-01,2.805910847815233922e-01,3.908730414321598401e-01,5.146281123574878436e+00,4.634798830497233735e-01,1.000000000000000000e+00,8.415604973647049514e-01,5.533558793182564273e+00
-2.581619162241036491e+01,1.439984694223520201e+01,2.955842126215062038e+01,-2.281824202481264052e-01,2.810820469960984003e-01,3.897976797940033711e-01,5.146289524278694572e+00,4.634696658944319481e-01,1.000000000000000000e+00,8.415604973647049514e-01,5.533558793182564273e+00
-2.581914324806074390e+01,1.439531370808079380e+01,2.955882763550817316e+01,-2.228099836940344858e-01,2.815658775916600742e-01,3.887379408240451140e-01,5.146297608793286571e+00,4.634595798376551778e-01,1.000000000000000000e+00,8.415604973647049514e-01,5.533558793182564273e+00
-2.582213740251878420e+01,1.439071308848969899e+01,2.955923886925820199e+01,-2.173583313364098046e-01,2.820568306596908936e-01,3.876626036304148815e-01,5.146305615303407244e+00,4.634493277354828633e-01,1.000000000000000000e+00,8.415604973647049514e-01,5.533558793182564273e+00
-2.582513059985386406e+01,1.438611185591349084e+01,2.955964896907906336e+01,-2.119066014015178467e-01,2.825477790897918950e-01,3.865872787965503043e-01,5.146313423286549948e+00,4.634390580335812637e-01,1.000000000000000000e+00,8.415604973647049514e-01,5.533558793182564273e+00
-2.582812283993865776e+01,1.438151001054790079e+01,2.956005793495330636e+01,-2.064547941212673265e-01,2.830387228610782291e-01,3.855119663546295872e-01,5.146321032750037716e+00,4.634287707329322603e-01,1.000000000000000000e+00,8.415604973647049514e-01,5.533558793182564273e+00
-2.583111412264542750e+01,1.437690755258938680e+01,2.956046576686347649e+01,-2.010029097284000699e-01,2.835296619525915496e-01,3.844366663369931381e-01,5.146328443701191802e+00,4.634184658345193997e-01,1.000000000000000000e+00,8.415604973647049514e-01,5.533558793182564273e+00
-2.583406104521828794e+01,1.437237130773434224e+01,2.956086656901568688e+01,-1.956300931696848266e-01,2.840134696587313101e-01,3.833769882503482718e-01,5.146335552866709406e+00,4.634082933131491999e-01,1.000000000000000000e+00,8.415604973647049514e-01,5.533558793182564273e+00
-2.583705042668953311e+01,1.436776763406350277e+01,2.956127214940764247e+01,-1.901780563588904016e-01,2.845043993966895890e-01,3.823017129963772187e-01,5.146342569696650493e+00,4.633979534775822251e-01,1.000000000000000000e+00,8.415604973647049514e-01,5.533558793182564273e+00
-2.584003885040277027e+01,1.436316334838465814e+01,2.956167659578385098e+01,-1.847259431282690656e-01,2.849953243924909785e-01,3.812264502628116558e-01,5.146349388036144390e+00,4.633875960471860456e-01,1.000000000000000000e+00,8.415604973647049514e-01,5.533558793182564273e+00
-2.584302631623039304e+01,1.435855845089439775e+01,2.956207990812703201e+01,-1.792737537106123824e-01,2.854862446251738017e-01,3.801512000819849968e-01,5.146356007892530116e+00,4.633772210229453181e-01,1.000000000000000000e+00,8.415604973647049514e-01,5.533558793182564273e+00
-2.584596947683597534e+01,1.435401980268605193e+01,2.956247625625391962e+01,-1.739006374605303051e-01,2.859700336647161834e-01,3.790915712343386201e-01,5.146362337475919091e+00,4.633669793975741524e-01,1.000000000000000000e+00,8.415604973647049514e-01,5.533558793182564273e+00
-2.584895504042096093e+01,1.434941369103514042e+01,2.956287731694259335e+01,-1.684482974623424667e-01,2.864609443783994180e-01,3.780163460721168156e-01,5.146368563269154706e+00,4.633565694439634730e-01,1.000000000000000000e+00,8.415604973647049514e-01,5.533558793182564273e+00
-2.585193964574053993e+01,1.434480696815849576e+01,2.956327724354709119e+01,-1.629958819704828699e-01,2.869518502665346915e-01,3.769411335588256917e-01,5.146374590601202392e+00,4.633461418994468950e-01,1.000000000000000000e+00,8.415604973647049514e-01,5.533558793182564273e+00
-2.585492329266771350e+01,1.434019963425214605e+01,2.956367603605040628e+01,-1.575433912169650341e-01,2.874427513082329355e-01,3.758659337266332945e-01,5.146380419479416268e+00,4.633356967650089642e-01,1.000000000000000000e+00,8.415604973647049514e-01,5.533558793182564273e+00
-2.585786268931483178e+01,1.433565858576109520e+01,2.956406792988382648e+01,-1.521699789106705225e-01,2.879265213538728663e-01,3.748063546222766829e-01,5.146385969595636212e+00,4.633253860510438971e-01,1.000000000000000000e+00,8.415604973647049514e-01,5.533558793182564273e+00
-2.586084443299321833e+01,1.433105003924708143e+01,2.956446447059780880e+01,-1.467173394147014420e-01,2.884174127110803454e-01,3.737311800636460846e-01,5.146391404468861452e+00,4.633149059950292248e-01,1.000000000000000000e+00,8.415604973647049514e-01,5.533558793182564273e+00
-2.586382521789992239e+01,1.432644088228929569e+01,2.956485987716003905e+01,-1.412646253504128424e-01,2.889082991594293937e-01,3.726560182822554745e-01,5.146396640910217535e+00,4.633044083520348466e-01,1.000000000000000000e+00,8.415604973647049514e-01,5.533558793182564273e+00
-2.586680504390808366e+01,1.432183111508390461e+01,2.956525414955368447e+01,-1.358118369498662048e-01,2.893991806780278342e-01,3.715808693102678473e-01,5.146401678927063905e+00,4.632938931230458635e-01,1.000000000000000000e+00,8.415604973647049514e-01,5.533558793182564273e+00
-2.586974067460765525e+01,1.431728766938308084e+01,2.956564158882844140e+01,-1.304381322235474983e-01,2.898829314023985138e-01,3.705213404534684618e-01,5.146406449691271590e+00,4.632835133359117230e-01,1.000000000000000000e+00,8.415604973647049514e-01,5.533558793182564273e+00
-2.587271859636215154e+01,1.431267669112385121e+01,2.956603360929945623e+01,-1.249851969187574241e-01,2.903738030710198981e-01,3.694462170099124809e-01,5.146411093761395605e+00,4.632729631931478131e-01,1.000000000000000000e+00,8.415604973647049514e-01,5.533558793182564273e+00
-2.587569555883932537e+01,1.430806510320326197e+01,2.956642449555190666e+01,-1.195321879710817825e-01,2.908646697474723819e-01,3.683711064718626083e-01,5.146415539429014530e+00,4.632623954673341093e-01,1.000000000000000000e+00,8.415604973647049514e-01,5.533558793182564273e+00
-2.587867156191202511e+01,1.430345290581825424e+01,2.956681424756907361e+01,-1.140791056134062842e-01,2.913555314107920680e-01,3.672960088716308857e-01,5.146419786701503796e+00,4.632518101594587101e-01,1.000000000000000000e+00,8.415604973647049514e-01,5.533558793182564273e+00
-2.588160342467796227e+01,1.429890706598149919e+01,2.956719723202305161e+01,-1.087051121026174627e-01,2.918392624866141816e-01,3.662365307663049685e-01,5.146423778229058499e+00,4.632413613145950348e-01,1.000000000000000000e+00,8.415604973647049514e-01,5.533558793182564273e+00
-2.588457752249388122e+01,1.429429365909659033e+01,2.956758473198588888e+01,-1.032518846781549371e-01,2.923301141345533427e-01,3.651614589491104512e-01,5.146427631613193832e+00,4.632307411007527409e-01,1.000000000000000000e+00,8.415604973647049514e-01,5.533558793182564273e+00
-2.588755066052701892e+01,1.428967964333383556e+01,2.956797109766403153e+01,-9.779858453712542143e-02,2.928209607069416354e-01,3.640864001658074556e-01,5.146431286624239654e+00,4.632201033077965602e-01,1.000000000000000000e+00,8.415604973647049514e-01,5.533558793182564273e+00
-2.589052283865087034e+01,1.428506501888957203e+01,2.956835632904105182e+01,-9.234521191157085696e-02,2.933118021828933220e-01,3.630113544485264465e-01,5.146434743269587386e+00,4.632094479367139250e-01,1.000000000000000000e+00,8.415604973647049514e-01,5.533558793182564273e+00
-2.589345093149963262e+01,1.428051678799234381e+01,2.956873485841513371e+01,-8.697093325205251801e-02,2.937955132829013216e-01,3.619519275983975048e-01,5.146437955676053555e+00,4.631989300495761297e-01,1.000000000000000000e+00,8.415604973647049514e-01,5.533558793182564273e+00
-2.589642120336441167e+01,1.427590095560362293e+01,2.956911783760756762e+01,-8.151741739809459375e-02,2.942863445780010689e-01,3.608769079188270945e-01,5.146441018491516139e+00,4.631882397803445128e-01,1.000000000000000000e+00,8.415604973647049514e-01,5.533558793182564273e+00
-2.589939051494205913e+01,1.427128451512029272e+01,2.956949968245002225e+01,-7.606382975310843619e-02,2.947771707142459174e-01,3.598019014013215111e-01,5.146443882963358085e+00,4.631775319359371923e-01,1.000000000000000000e+00,8.415604973647049514e-01,5.533558793182564273e+00
-2.590235886610624050e+01,1.426666746673877206e+01,2.956988039292625814e+01,-7.061017054912888113e-02,2.952679916707525720e-01,3.587269080779939001e-01,5.146446549098980583e+00,4.631668065173427107e-01,1.000000000000000000e+00,8.415604973647049514e-01,5.533558793182564273e+00
-2.590528318705639421e+01,1.426211684785886291e+01,2.957025446696430748e+01,-6.523561037765546189e-02,2.957516824676194034e-01,3.576675329867666231e-01,5.146448982500124281e+00,4.631562196034043621e-01,1.000000000000000000e+00,8.415604973647049514e-01,5.533558793182564273e+00
-2.590824963096049416e+01,1.425749859308916889e+01,2.957063292512722441e+01,-5.978180978377523047e-02,2.962424930778078114e-01,3.565925659557338534e-01,5.146451254864436109e+00,4.631454592944870829e-01,1.000000000000000000e+00,8.415604973647049514e-01,5.533558793182564273e+00
-2.591121511407361666e+01,1.425287973100874694e+01,2.957101024887563767e+01,-5.432793832473059581e-02,2.967332984458164180e-01,3.555176122149449891e-01,5.146453328914645020e+00,4.631346814143370016e-01,1.000000000000000000e+00,8.415604973647049514e-01,5.533558793182564273e+00
-2.591417963626961907e+01,1.424826026181406569e+01,2.957138643819348900e+01,-4.887399623250843206e-02,2.972240985507674793e-01,3.544426717964906937e-01,5.146455204658169080e+00,4.631238859639436600e-01,1.000000000000000000e+00,8.415604973647049514e-01,5.533558793182564273e+00
-2.591710018334271126e+01,1.424370725803019333e+01,2.957175605664241402e+01,-4.349915818523797384e-02,2.977077687172522413e-01,3.533833489675204942e-01,5.146456859169957987e+00,4.631132300386927025e-01,1.000000000000000000e+00,8.415604973647049514e-01,5.533558793182564273e+00
-2.592006279727905493e+01,1.423908658400421778e+01,2.957212999351976279e+01,-3.804507654145083961e-02,2.981985583104493909e-01,3.523084350957966793e-01,5.146458341200844444e+00,4.631023997058102415e-01,1.000000000000000000e+00,8.415604973647049514e-01,5.533558793182564273e+00
-2.592302444992137822e+01,1.423446530345155381e+01,2.957250279591885089e+01,-3.259092495811444223e-02,2.986893425781711464e-01,3.512335346423911542e-01,5.146459624947201661e+00,4.630915518056415991e-01,1.000000000000000000e+00,8.415604973647049514e-01,5.533558793182564273e+00
-2.592598514114325781e+01,1.422984341656946405e+01,2.957287446382376572e+01,-2.713670366804699086e-02,2.991801214994680436e-01,3.501586476395424086e-01,5.146460710416454809e+00,4.630806863391786488e-01,1.000000000000000000e+00,8.415604973647049514e-01,5.533558793182564273e+00
-2.592890191236327979e+01,1.422528803096215100e+01,2.957323962643349802e+01,-2.176159138154787343e-02,2.996637707083238400e-01,3.490993775760408702e-01,5.146461586155056445e+00,4.630699614181193469e-01,1.000000000000000000e+00,8.415604973647049514e-01,5.533558793182564273e+00
-2.593186069432752205e+01,1.422066494080598709e+01,2.957360904177228633e+01,-1.630723237778397561e-02,3.001545389524884477e-01,3.480245173741550180e-01,5.146462277970450749e+00,4.630590610770081716e-01,1.000000000000000000e+00,8.415604973647049514e-01,5.533558793182564273e+00
-2.593481851449489639e+01,1.421604124490829690e+01,2.957397732256977463e+01,-1.085280436097946222e-02,3.006453017878103484e-01,3.469496707187786355e-01,5.146462771530934788e+00,4.630481431725630426e-01,1.000000000000000000e+00,8.415604973647049514e-01,5.533558793182564273e+00
-2.593777537273959055e+01,1.421141694346575157e+01,2.957434446881030610e+01,-5.398307563137194620e-03,3.011360591934149067e-01,3.458748376419762960e-01,5.146463066843952383e+00,4.630372077057751112e-01,1.000000000000000000e+00,8.415604973647049514e-01,5.533558793182564273e+00
-2.594068836613319817e+01,1.420685917911693608e+01,2.957470517533378640e+01,-2.292467393338881720e-05,3.016196871174294802e-01,3.448156208469236872e-01,5.146463163925736772e+00,4.630264138044273281e-01,1.000000000000000000e+00,8.415604973647049514e-01,5.533558793182564273e+00
-2.594364331412313618e+01,1.420223367595902886e+01,2.957507006888403467e+01,5.431707998843293694e-03,3.021104336804589785e-01,3.437408148253780493e-01,5.146463065643772872e+00,4.630154434708417810e-01,1.000000000000000000e+00,8.415604973647049514e-01,5.533558793182564273e+00
-2.594659729981447782e+01,1.419760756784443245e+01,2.957543382783077490e+01,1.088640875897617377e-02,3.026011747513597250e-01,3.426660224783150688e-01,5.146462769136571858e+00,4.630044555778767279e-01,1.000000000000000000e+00,8.415604973647049514e-01,5.533558793182564273e+00
-2.594955032308153875e+01,1.419298085496997786e+01,2.957579645215852082e+01,1.634117737437890128e-02,3.030919103092524214e-01,3.415912438378021498e-01,5.146462274411589100e+00,4.629934501265247082e-01,1.000000000000000000e+00,8.415604973647049514e-01,5.533558793182564273e+00
-2.595245953667754790e+01,1.418842071496384527e+01,2.957615270235167060e+01,2.171682722883261363e-02,3.035755166211608902e-01,3.405320808141367173e-01,5.146461592953128772e+00,4.629825872604261261e-01,1.000000000000000000e+00,8.415604973647049514e-01,5.533558793182564273e+00
-2.595541064869401282e+01,1.418379280193357062e+01,2.957651307386651141e+01,2.717172988029759040e-02,3.040662411710410851e-01,3.394573294830831034e-01,5.146460704692144894e+00,4.629715469501350378e-01,1.000000000000000000e+00,8.415604973647049514e-01,5.533558793182564273e+00
-2.595836079791080664e+01,1.417916428473185242e+01,2.957687231071638934e+01,3.262669969338816145e-02,3.045569601455111464e-01,3.383825919544373173e-01,5.146459618235650346e+00,4.629604890844231657e-01,1.000000000000000000e+00,8.415604973647049514e-01,5.533558793182564273e+00
-2.596126717881093526e+01,1.417460236716702227e+01,2.957722522256163700e+01,3.800254714612982809e-02,3.050405500536776948e-01,3.373234695396203353e-01,5.146458353657429541e+00,4.629495745677479346e-01,1.000000000000000000e+00,8.415604973647049514e-01,5.533558793182564273e+00
-2.596421541603212546e+01,1.416997265097806924e+01,2.957758220650776337e+01,4.345764961795595127e-02,3.055312578962325887e-01,3.362487595107513938e-01,5.146456873709178481e+00,4.629384818489885589e-01,1.000000000000000000e+00,8.415604973647049514e-01,5.533558793182564273e+00
-2.596716269007857036e+01,1.416534233120639819e+01,2.957793805574338819e+01,4.891281855764439968e-02,3.060219601009686041e-01,3.351740633801420510e-01,5.146455195587718023e+00,4.629273715777769693e-01,1.000000000000000000e+00,8.415604973647049514e-01,5.533558793182564273e+00
-2.597010900082443996e+01,1.416071140804969630e+01,2.957829277025332360e+01,5.436805373229347538e-02,3.065126566469360547e-01,3.340993811799946034e-01,5.146453319300519524e+00,4.629162437551090359e-01,1.000000000000000000e+00,8.415604973647049514e-01,5.533558793182564273e+00
-2.597301159848593244e+01,1.415614712022499333e+01,2.957864122534862616e+01,5.974416178871422289e-02,3.069962243707144989e-01,3.330403134155844880e-01,5.146451276386430962e+00,4.629052603008957933e-01,1.000000000000000000e+00,8.415604973647049514e-01,5.533558793182564273e+00
-2.597595599624307283e+01,1.415151499964130544e+01,2.957899368683489882e+01,6.519952778390347703e-02,3.074869096194179363e-01,3.319656589690855308e-01,5.146449006666636627e+00,4.628940976330516710e-01,1.000000000000000000e+00,8.415604973647049514e-01,5.533558793182564273e+00
-2.597889943032509308e+01,1.414688227626155204e+01,2.957934501355050827e+01,7.065495932033449833e-02,3.079775891469542781e-01,3.308910185488478928e-01,5.146446538803444604e+00,4.628829174167227167e-01,1.000000000000000000e+00,8.415604973647049514e-01,5.533558793182564273e+00
-2.598184190060675292e+01,1.414224895028285189e+01,2.957969520548051179e+01,7.611045616587652773e-02,3.084682629324453362e-01,3.298163921869075588e-01,5.146443872804344899e+00,4.628717196529042455e-01,1.000000000000000000e+00,8.415604973647049514e-01,5.533558793182564273e+00
-2.598474071306570465e+01,1.413768229528648135e+01,2.958003920359011119e+01,8.148682118849315259e-02,3.089518081446527287e-01,3.287573795752377070e-01,5.146441051671508227e+00,4.628606672767336394e-01,1.000000000000000000e+00,8.415604973647049514e-01,5.533558793182564273e+00
-2.598768126936650447e+01,1.413304777344232654e+01,2.958038714237803291e+01,8.694244701574049827e-02,3.094424704674885174e-01,3.276827812208336077e-01,5.146437992299067510e+00,4.628494346756191202e-01,1.000000000000000000e+00,8.415604973647049514e-01,5.533558793182564273e+00
-2.599062086149271877e+01,1.412841264958875875e+01,2.958073394633593622e+01,9.239813745803893141e-02,3.099331269858558446e-01,3.266081970205516605e-01,5.146434734813094991e+00,4.628381845299903707e-01,1.000000000000000000e+00,8.415604973647049514e-01,5.533558793182564273e+00
-2.599351683721154771e+01,1.412384422339319912e+01,2.958107460561213031e+01,9.777469258830606691e-02,3.104166551205578273e-01,3.255492260521762882e-01,5.146431330801690684e+00,4.628270805353281725e-01,1.000000000000000000e+00,8.415604973647049514e-01,5.533558793182564273e+00
-2.599645451461454471e+01,1.411920790484445298e+01,2.958141915634023889e+01,1.032305106347735091e-01,3.109073000523798758e-01,3.244746700495586000e-01,5.146427679986832260e+00,4.628157955583115934e-01,1.000000000000000000e+00,8.415604973647049514e-01,5.533558793182564273e+00
-2.599939122746926401e+01,1.411457098487579209e+01,2.958176257219437133e+01,1.086863926025145588e-01,3.113979391173400391e-01,3.234001282968006485e-01,5.146423831080849887e+00,4.628044930397577361e-01,1.000000000000000000e+00,8.415604973647049514e-01,5.533558793182564273e+00
-2.600232697565074957e+01,1.410993346368453238e+01,2.958210485315992599e+01,1.141423382593647062e-01,3.118885722945601291e-01,3.223256008259182681e-01,5.146419784091249561e+00,4.627931729806636918e-01,1.000000000000000000e+00,8.415604973647049514e-01,5.533558793182564273e+00
-2.600521916273834933e+01,1.410536267572239666e+01,2.958244105504530808e+01,1.195191439934841782e-01,3.123720773454883304e-01,3.212666858883908017e-01,5.146415602066437778e+00,4.627820000913336340e-01,1.000000000000000000e+00,8.415604973647049514e-01,5.533558793182564273e+00
-2.600815299520660773e+01,1.410072396139912954e+01,2.958278108266529927e+01,1.249752154152492523e-01,3.128626987707621154e-01,3.201921868689487916e-01,5.146411161807387558e+00,4.627706452087465561e-01,1.000000000000000000e+00,8.415604973647049514e-01,5.533558793182564273e+00
-2.601108586262843758e+01,1.409608464644304782e+01,2.958311997535331628e+01,1.304313498323370624e-01,3.133533142459077325e-01,3.191177022270813568e-01,5.146406523487165430e+00,4.627592727885992963e-01,1.000000000000000000e+00,8.415604973647049514e-01,5.533558793182564273e+00
-2.601397521041030103e+01,1.409151209133268878e+01,2.958345283810526993e+01,1.358083409076709103e-01,3.138368017906913998e-01,3.180588295904687168e-01,5.146401758737830789e+00,4.627480483012387236e-01,1.000000000000000000e+00,8.415604973647049514e-01,5.533558793182564273e+00
-2.601690616137825884e+01,1.408687158441591336e+01,2.958378947736201425e+01,1.412645997120485220e-01,3.143274053900131371e-01,3.169843735900396697e-01,5.146396727192744436e+00,4.627366410635173066e-01,1.000000000000000000e+00,8.415604973647049514e-01,5.533558793182564273e+00
-2.601983614692692370e+01,1.408223047745640066e+01,2.958412498164383564e+01,1.467209208178612556e-01,3.148180029768139487e-01,3.159099320628715457e-01,5.146391497608958865e+00,4.627252162912178224e-01,1.000000000000000000e+00,8.415604973647049514e-01,5.533558793182564273e+00
-2.602276516693164510e+01,1.407758877065160164e+01,2.958445935093646284e+01,1.521773039929747995e-01,3.153085945302214199e-01,3.148355050409516465e-01,5.146386069994004053e+00,4.627137739853390275e-01,1.000000000000000000e+00,8.415604973647049514e-01,5.533558793182564273e+00
-2.602565072266098056e+01,1.407301385918536418e+01,2.958478775590168297e+01,1.575545393084567536e-01,3.157920584190001545e-01,3.137766893128873802e-01,5.146380527437213637e+00,4.627024806306506699e-01,1.000000000000000000e+00,8.415604973647049514e-01,5.533558793182564273e+00
-2.602857782522406538e+01,1.406837096198449188e+01,2.958511987164992618e+01,1.630110450314141701e-01,3.162826379311927116e-01,3.127022911860236065e-01,5.146374706657008247e+00,4.626910035151068912e-01,1.000000000000000000e+00,8.415604973647049514e-01,5.533558793182564273e+00
-2.603150396187085391e+01,1.406372746552867170e+01,2.958545085236659133e+01,1.684676121298007700e-01,3.167732113476062761e-01,3.116279076600494968e-01,5.146368687868145386e+00,4.626795088689691360e-01,1.000000000000000000e+00,8.415604973647049514e-01,5.533558793182564273e+00
-2.603438667573474774e+01,1.405915079096879339e+01,2.958577591790528061e+01,1.738450280197252340e-01,3.172566573016433189e-01,3.105691348900835314e-01,5.146362562741335189e+00,4.626681639367476451e-01,1.000000000000000000e+00,8.415604973647049514e-01,5.533558793182564273e+00
-2.603731089420097078e+01,1.405450610528924926e+01,2.958610464499385984e+01,1.793017162882524218e-01,3.177472185529779392e-01,3.094947804490364440e-01,5.146356150831942422e+00,4.626566344868742742e-01,1.000000000000000000e+00,8.415604973647049514e-01,5.533558793182564273e+00
-2.604023414637888223e+01,1.404986082094538524e+01,2.958643223700891411e+01,1.847584652382447956e-01,3.182377736461443618e-01,3.084204407045055829e-01,5.146349540936427935e+00,4.626450875093943704e-01,1.000000000000000000e+00,8.415604973647049514e-01,5.533558793182564273e+00
-2.604315643214368592e+01,1.404521493813550670e+01,2.958675869393645996e+01,1.902152746367580249e-01,3.187283225602006720e-01,3.073461156886159173e-01,5.146342733062347463e+00,4.626335230053102432e-01,1.000000000000000000e+00,8.415604973647049514e-01,5.533558793182564273e+00
-2.604603535054200947e+01,1.404063591263467181e+01,2.958707930130175612e+01,1.955929284033839366e-01,3.192117442861197585e-01,3.062874007041788693e-01,5.146335830334640704e+00,4.626221092331480045e-01,1.000000000000000000e+00,8.415604973647049514e-01,5.533558793182564273e+00
-2.604895571714120450e+01,1.403598884216637899e+01,2.958740350449082257e+01,2.010498571332881568e-01,3.197022808697957963e-01,3.052131050265023959e-01,5.146328629399820720e+00,4.626105099332496473e-01,1.000000000000000000e+00,8.415604973647049514e-01,5.533558793182564273e+00
-2.605187511695578806e+01,1.403134117382296253e+01,2.958772657255100569e+01,2.065068456177616696e-01,3.201928112119800662e-01,3.041388241730509367e-01,5.146321230509007805e+00,4.625988931097375634e-01,1.000000000000000000e+00,8.415604973647049514e-01,5.533558793182564273e+00
-2.605475119093488701e+01,1.402676038928665925e+01,2.958804384020358214e+01,2.118846751917562443e-01,3.206762145746024917e-01,3.030801528034554049e-01,5.146313745366244419e+00,4.625874277805762103e-01,1.000000000000000000e+00,8.415604973647049514e-01,5.533558793182564273e+00
-2.605766867084647487e+01,1.402211153445847458e+01,2.958836465444355213e+01,2.173417816295213356e-01,3.211667324625271380e-01,3.020059014780212547e-01,5.146305953459541449e+00,4.625757761671903112e-01,1.000000000000000000e+00,8.415604973647049514e-01,5.533558793182564273e+00
-2.606058518360260479e+01,1.401746208234582447e+01,2.958868433351373994e+01,2.227989471284264056e-01,3.216572440466283211e-01,3.009316650722609343e-01,5.146297963619454130e+00,4.625641070331824589e-01,1.000000000000000000e+00,8.415604973647049514e-01,5.533558793182564273e+00
-2.606345841207050995e+01,1.401287954051325890e+01,2.958899826133313837e+01,2.281769504679633798e-01,3.221406288624186764e-01,2.998730375986616847e-01,5.146289896128136476e+00,4.625525901558272257e-01,1.000000000000000000e+00,8.415604973647049514e-01,5.533558793182564273e+00
-2.606637300418696768e+01,1.400822890308995738e+01,2.958931568650222843e+01,2.336342325419913379e-01,3.226311278683835493e-01,2.987988309106743290e-01,5.146281513317068956e+00,4.625408862378905250e-01,1.000000000000000000e+00,8.415604973647049514e-01,5.533558793182564273e+00
-2.606928662877719560e+01,1.400357766897355027e+01,2.958963197646102472e+01,2.390915729831490921e-01,3.231216205081464121e-01,2.977246392378958273e-01,5.146272932595246097e+00,4.625291648023270308e-01,1.000000000000000000e+00,8.415604973647049514e-01,5.533558793182564273e+00
-2.607219928571679901e+01,1.399892583836260052e+01,2.958994713119601272e+01,2.445489715584603374e-01,3.236121067607675705e-01,2.966504626124205624e-01,5.146264153970257382e+00,4.625174258501412727e-01,1.000000000000000000e+00,8.415604973647049514e-01,5.533558793182564273e+00
-2.607506871385784919e+01,1.399434095333174888e+01,2.959025660030576077e+01,2.499272036848232403e-01,3.240954665313675598e-01,2.955918941759838603e-01,5.146255309174125436e+00,4.625058401720461565e-01,1.000000000000000000e+00,8.415604973647049514e-01,5.533558793182564273e+00
-2.607797944917598443e+01,1.398968793897746110e+01,2.959056950103308026e+01,2.553847169963106012e-01,3.245859400405721740e-01,2.945177475213329732e-01,5.146246137638192941e+00,4.624940664438729754e-01,1.000000000000000000e+00,8.415604973647049514e-01,5.533558793182564273e+00
-2.608088921647323133e+01,1.398503432872028007e+01,2.959088126649666961e+01,2.608422877479323887e-01,3.250764071002616440e-01,2.934436160094794355e-01,5.146236768221768010e+00,4.624822752020759098e-01,1.000000000000000000e+00,8.415604973647049514e-01,5.533558793182564273e+00
-2.608375579655766430e+01,1.398044769045659486e+01,2.959118739549690957e+01,2.662206888721705411e-01,3.255597478955229995e-01,2.923850921251890389e-01,5.146227341232692432e+00,4.624706379963726688e-01,1.000000000000000000e+00,8.415604973647049514e-01,5.533558793182564273e+00
-2.608666364149862815e+01,1.397579289763099908e+01,2.959149690687397083e+01,2.716783729819827187e-01,3.260502020879560980e-01,2.913109907737356230e-01,5.146217578950360583e+00,4.624588119845428058e-01,1.000000000000000000e+00,8.415604973647049514e-01,5.533558793182564273e+00
-2.608957051804878802e+01,1.397113750949436017e+01,2.959180528294778512e+01,2.771361138379031530e-01,3.265406497685037213e-01,2.902369046605439706e-01,5.146207618810234585e+00,4.624469684620893806e-01,1.000000000000000000e+00,8.415604973647049514e-01,5.533558793182564273e+00
-2.609243424898831165e+01,1.396654911973917734e+01,2.959210807172231128e+01,2.825146819180943680e-01,3.270239714049247848e-01,2.891784256092693184e-01,5.146197609695000175e+00,4.624352797376054536e-01,1.000000000000000000e+00,8.415604973647049514e-01,5.533558793182564273e+00
-2.609533920244808058e+01,1.396189255020954079e+01,2.959241419363158698e+01,2.879725347541270963e-01,3.275144060943768753e-01,2.881043698460125646e-01,5.146187256734068072e+00,4.624234014510789637e-01,1.000000000000000000e+00,8.415604973647049514e-01,5.533558793182564273e+00
-2.609824318714749936e+01,1.395723538596097768e+01,2.959271918019855008e+01,2.934304436421868445e-01,3.280048342095727154e-01,2.870303294164622820e-01,5.146176705938064089e+00,4.624115056569311766e-01,1.000000000000000000e+00,8.415604973647049514e-01,5.533558793182564273e+00
-2.610110406785484471e+01,1.395264524645635262e+01,2.959301862863239663e+01,2.988091766362650503e-01,3.284881365036522727e-01,2.859718954790120837e-01,5.146166114763534694e+00,4.623997654225006082e-01,1.000000000000000000e+00,8.415604973647049514e-01,5.533558793182564273e+00
-2.610400612873054627e+01,1.394798690199055535e+01,2.959332136095767396e+01,3.042671961264318270e-01,3.289785515039287400e-01,2.848978855888529282e-01,5.146155171191875155e+00,4.623878348702433749e-01,1.000000000000000000e+00,8.415604973647049514e-01,5.533558793182564273e+00
-2.610690722047672097e+01,1.394332796339815950e+01,2.959362295790199582e+01,3.097252709745301757e-01,3.294689598675819564e-01,2.838238911278172516e-01,5.146144029807903308e+00,4.623758868133699962e-01,1.000000000000000000e+00,8.415604973647049514e-01,5.533558793182564273e+00
-2.610980734296992978e+01,1.393866843087739049e+01,2.959392341945252980e+01,3.151834009483387433e-01,3.299593615737459462e-01,2.827499121278047589e-01,5.146132690619245054e+00,4.623639212528869447e-01,1.000000000000000000e+00,8.415604973647049514e-01,5.533558793182564273e+00
-2.611266441705554442e+01,1.393407595825345169e+01,2.959421840850781749e+01,3.205623509124730930e-01,3.304426377607350140e-01,2.816915388526938235e-01,5.146121322526612474e+00,4.623521122688189489e-01,1.000000000000000000e+00,8.415604973647049514e-01,5.533558793182564273e+00
-2.611556261474703433e+01,1.392941524708605705e+01,2.959451661571499415e+01,3.260205896483796550e-01,3.309330261866545442e-01,2.806175906449823731e-01,5.146109590622661933e+00,4.623401119581954100e-01,1.000000000000000000e+00,8.415604973647049514e-01,5.533558793182564273e+00
-2.611845984281687549e+01,1.392475394258291921e+01,2.959481368749031560e+01,3.314788828158725664e-01,3.314234078927216220e-01,2.795436579936760313e-01,5.146097660936820972e+00,4.623280941469699035e-01,1.000000000000000000e+00,8.415604973647049514e-01,5.533558793182564273e+00
-2.612131406413584500e+01,1.392015972427969572e+01,2.959510533594143311e+01,3.368579929255925975e-01,3.319066643089367830e-01,2.784853304877470404e-01,5.146085710941346036e+00,4.623162336736083011e-01,1.000000000000000000e+00,8.415604973647049514e-01,5.533558793182564273e+00
-2.612420936667231075e+01,1.391549724230680241e+01,2.959540015329824314e+01,3.423163934770112604e-01,3.323970326109404461e-01,2.774114288180892784e-01,5.146073388585494790e+00,4.623041811182165284e-01,1.000000000000000000e+00,8.415604973647049514e-01,5.533558793182564273e+00
-2.612710369921881437e+01,1.391083416759101254e+01,2.959569383518557117e+01,3.477748477658870740e-01,3.328873941307315398e-01,2.763375428001908496e-01,5.146060868470572203e+00,4.622921110652329357e-01,1.000000000000000000e+00,8.415604973647049514e-01,5.533558793182564273e+00
-2.612995506668735857e+01,1.390623820535300048e+01,2.959598214292179108e+01,3.531541159786648620e-01,3.333706305926733560e-01,2.752792613440421254e-01,5.146048336639402088e+00,4.622801991114343645e-01,1.000000000000000000e+00,8.415604973647049514e-01,5.533558793182564273e+00
-2.613284747296971489e+01,1.390157395434452958e+01,2.959627357031631689e+01,3.586126762735357687e-01,3.338609785846127220e-01,2.742054064970326221e-01,5.146035423899808947e+00,4.622680943202626680e-01,1.000000000000000000e+00,8.415604973647049514e-01,5.533558793182564273e+00
-2.613573890889399820e+01,1.389690911118649908e+01,2.959656386220414248e+01,3.640712896114042252e-01,3.343513197319536445e-01,2.731315673971669300e-01,5.146022313423993744e+00,4.622559720345121304e-01,1.000000000000000000e+00,8.415604973647049514e-01,5.533558793182564273e+00
-2.613858742142971892e+01,1.389231140675834730e+01,2.959684882911600923e+01,3.694507138852411998e-01,3.348345360561830741e-01,2.720733322712039493e-01,5.146009199824352898e+00,4.622440086091387235e-01,1.000000000000000000e+00,8.415604973647049514e-01,5.533558793182564273e+00
-2.614147693035967279e+01,1.388764538848540120e+01,2.959713686643760511e+01,3.749094318508525703e-01,3.353248635518641940e-01,2.709995245314720802e-01,5.145995696769263716e+00,4.622318515911833514e-01,1.000000000000000000e+00,8.415604973647049514e-01,5.533558793182564273e+00
-2.614436546856399346e+01,1.388297877865615426e+01,2.959742376821571597e+01,3.803682021653305156e-01,3.358151841405954130e-01,2.699257326341756857e-01,5.145981996000831060e+00,4.622196770816636713e-01,1.000000000000000000e+00,8.415604973647049514e-01,5.533558793182564273e+00
-2.614721112508539491e+01,1.387837933378347088e+01,2.959770539419504232e+01,3.857477804578230973e-01,3.362983801436498776e-01,2.688675441187942661e-01,5.145968300700024756e+00,4.622076621935847229e-01,1.000000000000000000e+00,8.415604973647049514e-01,5.533558793182564273e+00
-2.615009773556591455e+01,1.387371155001753742e+01,2.959799004133433442e+01,3.912066540217296051e-01,3.367886869569163277e-01,2.677937837708274649e-01,5.145954207397768876e+00,4.621954529578477522e-01,1.000000000000000000e+00,8.415604973647049514e-01,5.533558793182564273e+00
-2.615298337495359604e+01,1.386904317528882657e+01,2.959827355289381146e+01,3.966655792403113168e-01,3.372789868008798653e-01,2.667200393605686504e-01,5.145939916405072978e+00,4.621832262335633934e-01,1.000000000000000000e+00,8.415604973647049514e-01,5.533558793182564273e+00
-2.615582617438030866e+01,1.386444199171782898e+01,2.959855183783367849e+01,4.020453095090594786e-01,3.377621622993105532e-01,2.656618977360740153e-01,5.145925639470498858e+00,4.621711598916550257e-01,1.000000000000000000e+00,8.415604973647049514e-01,5.533558793182564273e+00
-2.615870988531548491e+01,1.385977244423104793e+01,2.959883309468260748e+01,4.075043365987802702e-01,3.382524482440150138e-01,2.645881850642744504e-01,5.145910955989483782e+00,4.621588984471452499e-01,1.000000000000000000e+00,8.415604973647049514e-01,5.533558793182564273e+00
-2.616159262479094494e+01,1.385510230637529894e+01,2.959911321591580702e+01,4.129634146488907476e-01,3.387427271570606635e-01,2.635144884254460029e-01,5.145896074840965895e+00,4.621466195171072822e-01,1.000000000000000000e+00,8.415604973647049514e-01,5.533558793182564273e+00
-2.616443256604367207e+01,1.385049938585286000e+01,2.959938815971055703e+01,4.183432948514411720e-01,3.392258819674256465e-01,2.624563939720652161e-01,5.145881216340097097e+00,4.621345017302519453e-01,1.000000000000000000e+00,8.415604973647049514e-01,5.533558793182564273e+00
-2.616731337633862253e+01,1.384582807641815805e+01,2.959966602616233189e+01,4.238024733943035471e-01,3.397161468574179111e-01,2.613827292607845409e-01,5.145865942748822697e+00,4.621221880859852638e-01,1.000000000000000000e+00,8.415604973647049514e-01,5.533558793182564273e+00
-2.617019321480741922e+01,1.384115617720840241e+01,2.959994275696290700e+01,4.292617022033908825e-01,3.402064046534094555e-01,2.603090806776828803e-01,5.145850471513005786e+00,4.621098569592115290e-01,1.000000000000000000e+00,8.415604973647049514e-01,5.533558793182564273e+00
-2.617303029680792648e+01,1.383655152148211442e+01,2.960021435950815061e+01,4.346417302971623542e-01,3.406895385922696917e-01,2.592510336755782241e-01,5.145835031513398938e+00,4.620976877362984458e-01,1.000000000000000000e+00,8.415604973647049514e-01,5.533558793182564273e+00
-2.617590820536894114e+01,1.383187845187297249e+01,2.960048883545729126e+01,4.401010582205664434e-01,3.411797822414184278e-01,2.581774172090628983e-01,5.145819167880446798e+00,4.620853219012971413e-01,1.000000000000000000e+00,8.415604973647049514e-01,5.533558793182564273e+00
-2.617878514173770199e+01,1.382720479308297179e+01,2.960076217572017399e+01,4.455604357159455020e-01,3.416700187342220918e-01,2.571038169659207173e-01,5.145803106625938206e+00,4.620729385868121430e-01,1.000000000000000000e+00,8.415604973647049514e-01,5.533558793182564273e+00
-2.618161936340886697e+01,1.382259840390100969e+01,2.960103043691279723e+01,4.509406096583870038e-01,3.421531316181536386e-01,2.560458176951625475e-01,5.145787085195231647e+00,4.620607179367367534e-01,1.000000000000000000e+00,8.415604973647049514e-01,5.533558793182564273e+00
-2.618449436914331940e+01,1.381792357589161035e+01,2.960130152225508482e+01,4.564000848896405671e-01,3.426433538403323986e-01,2.549722497575876434e-01,5.145770631589262400e+00,4.620482999200295482e-01,1.000000000000000000e+00,8.415604973647049514e-01,5.533558793182564273e+00
-2.618736840231977681e+01,1.381324815929577277e+01,2.960157147187649684e+01,4.618596089985960162e-01,3.431335688438239551e-01,2.538986981385542574e-01,5.145753980384760062e+00,4.620358644268647286e-01,1.000000000000000000e+00,8.415604973647049514e-01,5.533558793182564273e+00
-2.619019976258553939e+01,1.380864003840704690e+01,2.960183639161465052e+01,4.672399267470144224e-01,3.436166604894035359e-01,2.528407468791479817e-01,5.145737377590675621e+00,4.620235923585295224e-01,1.000000000000000000e+00,8.415604973647049514e-01,5.533558793182564273e+00
-2.619307186440191870e+01,1.380396345377220690e+01,2.960210408624717004e+01,4.726995472134056797e-01,3.441068610984974185e-01,2.517672277546025850e-01,5.145720334080436942e+00,4.620111221691521886e-01,1.000000000000000000e+00,8.415604973647049514e-01,5.533558793182564273e+00
-2.619594299329489928e+01,1.379928628114563161e+01,2.960237064512462268e+01,4.781592158631386980e-01,3.445970544265588575e-01,2.506937250437549225e-01,5.145703092994711625e+00,4.619986345063450961e-01,1.000000000000000000e+00,8.415604973647049514e-01,5.533558793182564273e+00
-2.619877149108032910e+01,1.379467643029962609e+01,2.960263222330772948e+01,4.835396753748888443e-01,3.450801246503791830e-01,2.496358220756129676e-01,5.145685908905054617e+00,4.619863110286588914e-01,1.000000000000000000e+00,8.415604973647049514e-01,5.533558793182564273e+00
-2.620164068788815825e+01,1.378999809081494554e+01,2.960289652712883779e+01,4.889994390035123928e-01,3.455703034602697343e-01,2.485623520481340387e-01,5.145668275559380334e+00,4.619737886756538070e-01,1.000000000000000000e+00,8.415604973647049514e-01,5.533558793182564273e+00
-2.620450891140763261e+01,1.378531916393333567e+01,2.960315969516113555e+01,4.944592501212436986e-01,3.460604749267972569e-01,2.474888985294535215e-01,5.145650444661291623e+00,4.619612488522492066e-01,1.000000000000000000e+00,8.415604973647049514e-01,5.533558793182564273e+00
-2.620733454563883669e+01,1.378070758488025405e+01,2.960341793168987934e+01,4.998398493535418652e-01,3.465435235454530360e-01,2.464310441324258361e-01,5.145632679343947302e+00,4.619488739741271499e-01,1.000000000000000000e+00,8.415604973647049514e-01,5.533558793182564273e+00
-2.621020083634866893e+01,1.377602749232212176e+01,2.960367884459922649e+01,5.052997540713040081e-01,3.470336803700169170e-01,2.453576234859987104e-01,5.145614456231752065e+00,4.619362994665438538e-01,1.000000000000000000e+00,8.415604973647049514e-01,5.533558793182564273e+00
-2.621306615340580137e+01,1.377134681296169028e+01,2.960393862168645995e+01,5.107597055843804412e-01,3.475238297889320371e-01,2.442842194433541558e-01,5.145596035590243034e+00,4.619237074915922836e-01,1.000000000000000000e+00,8.415604973647049514e-01,5.533558793182564273e+00
-2.621588892300999873e+01,1.376673350745237556e+01,2.960419351646280006e+01,5.161404424944198155e-01,3.480068566190279711e-01,2.432264138972062562e-01,5.145577689113181918e+00,4.619112812219566822e-01,1.000000000000000000e+00,8.415604973647049514e-01,5.533558793182564273e+00
-2.621875230653377642e+01,1.376205166359737930e+01,2.960445103836133995e+01,5.216004862287082489e-01,3.484969912721991303e-01,2.421530429156329156e-01,5.145558876303462981e+00,4.618986545688500422e-01,1.000000000000000000e+00,8.415604973647049514e-01,5.533558793182564273e+00
-2.622161471604058036e+01,1.375736923353541918e+01,2.960470742440486802e+01,5.270605760639401893e-01,3.489871184573876128e-01,2.410796886329099609e-01,5.145539865987557526e+00,4.618860104514098119e-01,1.000000000000000000e+00,8.415604973647049514e-01,5.533558793182564273e+00
-2.622443461994607361e+01,1.375275420332136633e+01,2.960495897733203918e+01,5.324414486088606679e-01,3.494701233155370623e-01,2.400219322173297309e-01,5.145520938418831847e+00,4.618735327991891348e-01,1.000000000000000000e+00,8.415604973647049514e-01,5.533558793182564273e+00
-2.622729509519665925e+01,1.374807060994704777e+01,2.960521310812199047e+01,5.379016292866758420e-01,3.499602356112270218e-01,2.389486111843986960e-01,5.145501535980669061e+00,4.618608540096212911e-01,1.000000000000000000e+00,8.415604973647049514e-01,5.533558793182564273e+00
-2.623015459606640221e+01,1.374338643096127655e+01,2.960546610302448300e+01,5.433618553711028198e-01,3.504503403766094927e-01,2.378753069453487801e-01,5.145481936059479899e+00,4.618481577587568720e-01,1.000000000000000000e+00,8.415604973647049514e-01,5.533558793182564273e+00
-2.623297163320256686e+01,1.373876967779465552e+01,2.960571431400696341e+01,5.487428615079679162e-01,3.509333230794315917e-01,2.368175999399543818e-01,5.145462427467223598e+00,4.618356287328861942e-01,1.000000000000000000e+00,8.415604973647049514e-01,5.533558793182564273e+00
-2.623582919909395628e+01,1.373408433667919581e+01,2.960596505359185571e+01,5.542031770562925175e-01,3.514234128315640859e-01,2.357443291393691853e-01,5.145442435469782971e+00,4.618228978159263365e-01,1.000000000000000000e+00,8.415604973647049514e-01,5.533558793182564273e+00
-2.623868579024096803e+01,1.372939841054805932e+01,2.960621465725725088e+01,5.596635373168279415e-01,3.519134949910613930e-01,2.346710752276800482e-01,5.145422246012498313e+00,4.618101494407088614e-01,1.000000000000000000e+00,8.415604973647049514e-01,5.533558793182564273e+00
-2.624149995953830583e+01,1.372477993618163872e+01,2.960645952620081545e+01,5.650446750027189324e-01,3.523964553551901524e-01,2.336134179119959409e-01,5.145402156464925270e+00,4.617975690501295305e-01,1.000000000000000000e+00,8.415604973647049514e-01,5.533558793182564273e+00
-2.624435461498558553e+01,1.372009284910387983e+01,2.960670687448544669e+01,5.705051233484788042e-01,3.528865223776966875e-01,2.325401976273824833e-01,5.145381574977455408e+00,4.617847860148531214e-01,1.000000000000000000e+00,8.415604973647049514e-01,5.533558793182564273e+00
-2.624720829532532917e+01,1.371540517760644562e+01,2.960695308681898297e+01,5.759656157120289777e-01,3.533765817452434455e-01,2.314669943266539909e-01,5.145360796053356722e+00,4.617719855243604399e-01,1.000000000000000000e+00,8.415604973647049514e-01,5.533558793182564273e+00
-2.625001959571538634e+01,1.371078498379372057e+01,2.960719461363066429e+01,5.813468829038921371e-01,3.538595195873135424e-01,2.304093869801470407e-01,5.145340125618764304e+00,4.617593537780207980e-01,1.000000000000000000e+00,8.415604973647049514e-01,5.533558793182564273e+00
-2.625287133963475128e+01,1.370609615253317237e+01,2.960743857052112205e+01,5.868074619739633846e-01,3.543495636941342841e-01,2.293362174950525634e-01,5.145318954710594639e+00,4.617465186335097949e-01,1.000000000000000000e+00,8.415604973647049514e-01,5.533558793182564273e+00
-2.625568073147902481e+01,1.370147481618069385e+01,2.960767787461098521e+01,5.921888141623607993e-01,3.548324864565117753e-01,2.282786435349699883e-01,5.145297897997347825e+00,4.617338527381910640e-01,1.000000000000000000e+00,8.415604973647049514e-01,5.533558793182564273e+00
-2.625853053849927576e+01,1.369678482594417268e+01,2.960791957601741586e+01,5.976494790222535158e-01,3.553225152203403070e-01,2.272055079908376629e-01,5.145276335135807066e+00,4.617209829436809132e-01,1.000000000000000000e+00,8.415604973647049514e-01,5.533558793182564273e+00
-2.626137936980802934e+01,1.369209425228100763e+01,2.960816014142108799e+01,6.031101867434589536e-01,3.558125362254240809e-01,2.261323895887323021e-01,5.145254574876352294e+00,4.617080956990239349e-01,1.000000000000000000e+00,8.415604973647049514e-01,5.533558793182564273e+00
-2.626418589096847001e+01,1.368747119940321966e+01,2.960839610322708637e+01,6.084916650360554513e-01,3.562954361604604436e-01,2.250748660629545150e-01,5.145232937389986994e+00,4.616953784628584079e-01,1.000000000000000000e+00,8.415604973647049514e-01,5.533558793182564273e+00
-2.626703278465866376e+01,1.368277946794836097e+01,2.960863441308583788e+01,6.139524571682812848e-01,3.567854416988223143e-01,2.240017817902927866e-01,5.145210785223370387e+00,4.616824565742506103e-01,1.000000000000000000e+00,8.415604973647049514e-01,5.533558793182564273e+00
-2.626987870227521427e+01,1.367808715366340699e+01,2.960887158691138410e+01,6.194132914674046475e-01,3.572754394161274938e-01,2.229287147545672143e-01,5.145188435682127803e+00,4.616695172385433255e-01,1.000000000000000000e+00,8.415604973647049514e-01,5.533558793182564273e+00
-2.627268235168627442e+01,1.367346238601555086e+01,2.960910420634392892e+01,6.247948938210097225e-01,3.577583163404794986e-01,2.218712419423557736e-01,5.145166217491159877e+00,4.616567486704964418e-01,1.000000000000000000e+00,8.415604973647049514e-01,5.533558793182564273e+00
-2.627552633096557955e+01,1.366876891512358583e+01,2.960933912456453854e+01,6.302558111523577367e-01,3.582482984673426296e-01,2.207982092244932248e-01,5.145143476089022450e+00,4.616437746968907185e-01,1.000000000000000000e+00,8.415604973647049514e-01,5.533558793182564273e+00
-2.627836933380944018e+01,1.366407486199833698e+01,2.960957290672191178e+01,6.357167699561276919e-01,3.587382727108353597e-01,2.197251938384604253e-01,5.145120537335572841e+00,4.616307832792351795e-01,1.000000000000000000e+00,8.415604973647049514e-01,5.533558793182564273e+00
-2.628117011040654560e+01,1.365944838133647998e+01,2.960980218369267902e+01,6.410984943272950431e-01,3.592211264411502292e-01,2.186677720190403906e-01,5.145097738508600749e+00,4.616179633882796507e-01,1.000000000000000000e+00,8.415604973647049514e-01,5.533558793182564273e+00
-2.628401117419534572e+01,1.365475317278911760e+01,2.961003371018595232e+01,6.465595347847248320e-01,3.597110849705104085e-01,2.175947911391879208e-01,5.145074407940573913e+00,4.616049373387817178e-01,1.000000000000000000e+00,8.415604973647049514e-01,5.533558793182564273e+00
-2.628681003965069962e+01,1.365012555386669746e+01,2.961026076421807218e+01,6.519413391720867423e-01,3.601939231742443681e-01,2.165374033868070758e-01,5.145051223002047536e+00,4.615920833207083906e-01,1.000000000000000000e+00,8.415604973647049514e-01,5.533558793182564273e+00
-2.628964916390708240e+01,1.364542919068612470e+01,2.961049003500835397e+01,6.574024603655974630e-01,3.606838659071480713e-01,2.154644571384949359e-01,5.145027500650281915e+00,4.615790226434000054e-01,1.000000000000000000e+00,8.415604973647049514e-01,5.533558793182564273e+00
-2.629248731112657822e+01,1.364073224626621972e+01,2.961071816968637904e+01,6.628636218754540010e-01,3.611738006529592315e-01,2.143915283798953353e-01,5.145003580986086789e+00,4.615659445271236838e-01,1.000000000000000000e+00,8.415604973647049514e-01,5.533558793182564273e+00
-2.629528330199820374e+01,1.363610291725456491e+01,2.961094188111249537e+01,6.682455448785571406e-01,3.616566153574480857e-01,2.133341920849169404e-01,5.144979815525953626e+00,4.615530392010942506e-01,1.000000000000000000e+00,8.415604973647049514e-01,5.533558793182564273e+00
-2.629811950896855777e+01,1.363140481938729920e+01,2.961116776002978668e+01,6.737067857456189302e-01,3.621465341830990559e-01,2.122612981461386439e-01,5.144955504124430590e+00,4.615399264630716258e-01,1.000000000000000000e+00,8.415604973647049514e-01,5.533558793182564273e+00
-2.630095473854122545e+01,1.362670614087808119e+01,2.961139250280595903e+01,6.791680662345314090e-01,3.626364449593539874e-01,2.111884217918915119e-01,5.144930995433867338e+00,4.615267962891361764e-01,1.000000000000000000e+00,8.415604973647049514e-01,5.533558793182564273e+00
-2.630374785376760371e+01,1.362207510353475293e+01,2.961161287154114063e+01,6.845501058100857961e-01,3.631192359812934756e-01,2.101311372332813898e-01,5.144906649520942565e+00,4.615138396641400020e-01,1.000000000000000000e+00,8.415604973647049514e-01,5.533558793182564273e+00
-2.630658114237512990e+01,1.361737527276448212e+01,2.961183535849967896e+01,6.900114642772781082e-01,3.636091307136883888e-01,2.090582958870891850e-01,5.144881749139519123e+00,4.615006748745269505e-01,1.000000000000000000e+00,8.415604973647049514e-01,5.533558793182564273e+00
-2.630941345322453628e+01,1.361267486194985743e+01,2.961205670928866596e+01,6.954728616718082179e-01,3.640990173343863212e-01,2.079854722202201800e-01,5.144856651492471400e+00,4.614874926520587950e-01,1.000000000000000000e+00,8.415604973647049514e-01,5.533558793182564273e+00
-2.631220369174521778e+01,1.360804211803310615e+01,2.961227373524924644e+01,7.008550157764332766e-01,3.645817844904772898e-01,2.069282396768746812e-01,5.144831725195650129e+00,4.614744847370917391e-01,1.000000000000000000e+00,8.415604973647049514e-01,5.533558793182564273e+00
-2.631503406091422193e+01,1.360334055614417714e+01,2.961249283016456957e+01,7.063164897702822742e-01,3.650716549436213709e-01,2.058554512062442110e-01,5.144806235904263225e+00,4.614612679050187904e-01,1.000000000000000000e+00,8.415604973647049514e-01,5.533558793182564273e+00
-2.631782238570722043e+01,1.359870667825139101e+01,2.961270763298103503e+01,7.116987189108971990e-01,3.655544061263708011e-01,2.047982534097587681e-01,5.144780923663716976e+00,4.614482258848519591e-01,1.000000000000000000e+00,8.415604973647049514e-01,5.533558793182564273e+00
-2.632065081272068596e+01,1.359400396607741257e+01,2.961292447198590949e+01,7.171602685872446870e-01,3.660442603297255904e-01,2.037255002604368148e-01,5.144755042758959007e+00,4.614349744472149295e-01,1.000000000000000000e+00,8.415604973647049514e-01,5.533558793182564273e+00
-2.632347826137658231e+01,1.358930067485484727e+01,2.961314017477483773e+01,7.226218560342214658e-01,3.665341063176321690e-01,2.026527649482674776e-01,5.144728964627631740e+00,4.614217055818193303e-01,1.000000000000000000e+00,8.415604973647049514e-01,5.533558793182564273e+00
-2.632626370770061897e+01,1.358466509331760719e+01,2.961335163468020681e+01,7.280041963015282391e-01,3.670168333293538643e-01,2.015956196312453930e-01,5.144703072118085529e+00,4.614086122866745132e-01,1.000000000000000000e+00,8.415604973647049514e-01,5.533558793182564273e+00
-2.632908921348695230e+01,1.357996065299744437e+01,2.961356508150408118e+01,7.334658580520176940e-01,3.675066629437900856e-01,2.005229198284750047e-01,5.144676602420000577e+00,4.613953088217950249e-01,1.000000000000000000e+00,8.415604973647049514e-01,5.533558793182564273e+00
-2.633191374055629552e+01,1.357525563422684201e+01,2.961377739208471382e+01,7.389275568786324300e-01,3.679964842804893665e-01,1.994502379575729678e-01,5.144649935518834205e+00,4.613819879322202389e-01,1.000000000000000000e+00,8.415604973647049514e-01,5.533558793182564273e+00
-2.633469630735385181e+01,1.357061835080509837e+01,2.961398550899870941e+01,7.443100062291669872e-01,3.684791869379112628e-01,1.983931453987003157e-01,5.144623462809403414e+00,4.613688433711104486e-01,1.000000000000000000e+00,8.415604973647049514e-01,5.533558793182564273e+00
-2.633751889084030040e+01,1.356591218412487265e+01,2.961419556356053562e+01,7.497717779801877924e-01,3.689689917774561234e-01,1.973204992252556023e-01,5.144596404388146915e+00,4.613554878881365173e-01,1.000000000000000000e+00,8.415604973647049514e-01,5.533558793182564273e+00
-2.634029954203557011e+01,1.356127376984684396e+01,2.961440145718810868e+01,7.551542987443973232e-01,3.694516781366611324e-01,1.962634419072844250e-01,5.144569545857488713e+00,4.613423092378029500e-01,1.000000000000000000e+00,8.415604973647049514e-01,5.533558793182564273e+00
-2.634312018146531642e+01,1.355656645604697985e+01,2.961460925569586777e+01,7.606161425030020240e-01,3.699414663968318973e-01,1.951908315562662366e-01,5.144542095947206128e+00,4.613289191654779131e-01,1.000000000000000000e+00,8.415604973647049514e-01,5.533558793182564273e+00
-2.634593984158027880e+01,1.355185856479339712e+01,2.961481591791590517e+01,7.660780221809790902e-01,3.704312462755301461e-01,1.941182392948260227e-01,5.144514448873020562e+00,4.613155116735639938e-01,1.000000000000000000e+00,8.415604973647049514e-01,5.533558793182564273e+00
-2.634871761149065605e+01,1.354721845156269922e+01,2.961501846842124053e+01,7.714606486258546170e-01,3.709139079752975521e-01,1.930612351988611752e-01,5.144487010257732251e+00,4.613022817722870483e-01,1.000000000000000000e+00,8.415604973647049514e-01,5.533558793182564273e+00
-2.635153532683670363e+01,1.354250941437836175e+01,2.961522287453487223e+01,7.769225989320460712e-01,3.714036711509292044e-01,1.919886789478616462e-01,5.144458971741282305e+00,4.612888396971147609e-01,1.000000000000000000e+00,8.415604973647049514e-01,5.533558793182564273e+00
-2.635435206250979334e+01,1.353779980033860753e+01,2.961542614433466269e+01,7.823845844635695101e-01,3.718934258828532347e-01,1.909161408809850746e-01,5.144430736084490086e+00,4.612753802054215813e-01,1.000000000000000000e+00,8.415604973647049514e-01,5.533558793182564273e+00
-2.635712695008065864e+01,1.353315798991693697e+01,2.961562535164086185e+01,7.877673145455084125e-01,3.723760627399328449e-01,1.898591902855152613e-01,5.144402717453901985e+00,4.612620990622316453e-01,1.000000000000000000e+00,8.415604973647049514e-01,5.533558793182564273e+00
-2.635994174027337422e+01,1.352844723113571845e+01,2.961582636528277490e+01,7.932293693258856138e-01,3.728658006451065487e-01,1.887866884170361081e-01,5.144374090401659494e+00,4.612486049933768872e-01,1.000000000000000000e+00,8.415604973647049514e-01,5.533558793182564273e+00
-2.636271471037305503e+01,1.352380429297965136e+01,2.961602334916626944e+01,7.986121672000443539e-01,3.733484208792322567e-01,1.877297735559389780e-01,5.144345686072718138e+00,4.612352897769668170e-01,1.000000000000000000e+00,8.415604973647049514e-01,5.533558793182564273e+00
-2.636552755461288200e+01,1.351909239024775289e+01,2.961622210661656140e+01,8.040742903123714314e-01,3.738381418754446184e-01,1.866573080107396254e-01,5.144316667656188002e+00,4.612217611350063473e-01,1.000000000000000000e+00,8.415604973647049514e-01,5.533558793182564273e+00
-2.636833941858359864e+01,1.351437991165814978e+01,2.961641972771043996e+01,8.095364474931976417e-01,3.743278543242257728e-01,1.855848608072631634e-01,5.144287452138613048e+00,4.612082150816411152e-01,1.000000000000000000e+00,8.415604973647049514e-01,5.533558793182564273e+00
-2.637110950459022263e+01,1.350973527924578299e+01,2.961661336826956870e+01,8.149193456017069792e-01,3.748104494105699569e-01,1.845279999101719082e-01,5.144258467909986976e+00,4.611948486383682377e-01,1.000000000000000000e+00,8.415604973647049514e-01,5.533558793182564273e+00
-2.637391942189792715e+01,1.350502165789533571e+01,2.961680873312177908e+01,8.203815697352840886e-01,3.753001448267354601e-01,1.834555892178051928e-01,5.144228861075030856e+00,4.611812680180009671e-01,1.000000000000000000e+00,8.415604973647049514e-01,5.533558793182564273e+00
-2.637668758926790957e+01,1.350037589970134100e+01,2.961700015017607868e+01,8.257645333724621395e-01,3.757827230871835233e-01,1.823987643633829814e-01,5.144199491225019294e+00,4.611678675115242765e-01,1.000000000000000000e+00,8.415604973647049514e-01,5.533558793182564273e+00
-2.637949555944093660e+01,1.349566113638126552e+01,2.961719325875383291e+01,8.312268235419164597e-01,3.762724013885345720e-01,1.813263903069391170e-01,5.144169493103903257e+00,4.611542523282158856e-01,1.000000000000000000e+00,8.415604973647049514e-01,5.533558793182564273e+00
-2.638230254874972758e+01,1.349094579820180861e+01,2.961738523093379527e+01,8.366891466229962049e-01,3.767620710387390437e-01,1.802540347497472717e-01,5.144139297921116238e+00,4.611406197386246353e-01,1.000000000000000000e+00,8.415604973647049514e-01,5.533558793182564273e+00
-2.638506783027612457e+01,1.348629834868801503e+01,2.961757330454202020e+01,8.420722070916575319e-01,3.772446238463342816e-01,1.791972643226402706e-01,5.144109348287260630e+00,4.611271680203531953e-01,1.000000000000000000e+00,8.415604973647049514e-01,5.533558793182564273e+00
-2.638787287174136864e+01,1.348158186972945138e+01,2.961776302039890751e+01,8.475345948294172871e-01,3.777342762580847557e-01,1.781249455891070477e-01,5.144078761865309879e+00,4.611135008739313812e-01,1.000000000000000000e+00,8.415604973647049514e-01,5.533558793182564273e+00
-2.639063623346809351e+01,1.347693329638728876e+01,2.961794887042253777e+01,8.529177185639262859e-01,3.782168120369311382e-01,1.770682115126652190e-01,5.144048426687183095e+00,4.611000151024827742e-01,1.000000000000000000e+00,8.415604973647049514e-01,5.533558793182564273e+00
-2.639343932661848058e+01,1.347221567744208670e+01,2.961813632992447864e+01,8.583801700405668811e-01,3.787064471279550926e-01,1.759959297277240153e-01,5.144017449057352032e+00,4.610863134032977539e-01,1.000000000000000000e+00,8.415604973647049514e-01,5.533558793182564273e+00
-2.639624143831094472e+01,1.346749748463573404e+01,2.961832265298846778e+01,8.638426532727283558e-01,3.791960734641987019e-01,1.749236665993318118e-01,5.143986274405300207e+00,4.610725943029565510e-01,1.000000000000000000e+00,8.415604973647049514e-01,5.533558793182564273e+00
-2.639900191244663219e+01,1.346284722291199820e+01,2.961850515944783524e+01,8.692258704358195587e-01,3.796785834851537089e-01,1.738669874132897641e-01,5.143955359559392981e+00,4.610590573347989607e-01,1.000000000000000000e+00,8.415604973647049514e-01,5.533558793182564273e+00
-2.640180207511662047e+01,1.345812789131022491e+01,2.961868922610969079e+01,8.746884160276540143e-01,3.801681923770450222e-01,1.727947614211335081e-01,5.143923793746549400e+00,4.610453036878126021e-01,1.000000000000000000e+00,8.415604973647049514e-01,5.533558793182564273e+00
-2.640456062829162320e+01,1.345347650771256909e+01,2.961886950890704284e+01,8.800716941937007931e-01,3.806506851664158697e-01,1.717381188936132896e-01,5.143892493433630975e+00,4.610317326765157042e-01,1.000000000000000000e+00,8.415604973647049514e-01,5.533558793182564273e+00
-2.640735884146907253e+01,1.344875603810760012e+01,2.961905131913586331e+01,8.855343012282190784e-01,3.811402765317648544e-01,1.706659301624036951e-01,5.143860536491338564e+00,4.610179444869546561e-01,1.000000000000000000e+00,8.415604973647049514e-01,5.533558793182564273e+00
-2.641015607259553022e+01,1.344403499564102766e+01,2.961923199288774811e+01,8.909969388612992702e-01,3.816298590386352219e-01,1.695937602451317860e-01,5.143828382566350221e+00,4.610041389013716517e-01,1.000000000000000000e+00,8.415604973647049514e-01,5.533558793182564273e+00
-2.641291173643506340e+01,1.343938192660183262e+01,2.961940893200617353e+01,8.963803070528939543e-01,3.821123257650997918e-01,1.685371730708911664e-01,5.143796502701941442e+00,4.609905167084695776e-01,1.000000000000000000e+00,8.415604973647049514e-01,5.533558793182564273e+00
-2.641570701736256765e+01,1.343465974732403723e+01,2.961958734927925718e+01,9.018430047493666279e-01,3.826018906218091598e-01,1.674650406021324645e-01,5.143763957694680755e+00,4.609766765864369287e-01,1.000000000000000000e+00,8.415604973647049514e-01,5.533558793182564273e+00
-2.641846075908201641e+01,1.343000555836723819e+01,2.961976206466056283e+01,9.072264316801597062e-01,3.830843399138008643e-01,1.664084903942858740e-01,5.143731692440675296e+00,4.609630203604475063e-01,1.000000000000000000e+00,8.415604973647049514e-01,5.533558793182564273e+00
-2.642125408934118624e+01,1.342528224307116602e+01,2.961993822542488886e+01,9.126891885227319534e-01,3.835738870381416588e-01,1.653363954987508988e-01,5.143698756382547366e+00,4.609491457060412856e-01,1.000000000000000000e+00,8.415604973647049514e-01,5.533558793182564273e+00
-2.642404643695767064e+01,1.342055835591307655e+01,2.962011324967451742e+01,9.181519748075341880e-01,3.840634252003737314e-01,1.642643195743387630e-01,5.143665623381322938e+00,4.609352536607517759e-01,1.000000000000000000e+00,8.415604973647049514e-01,5.533558793182564273e+00
-2.642679728760022329e+01,1.341590248445659128e+01,2.962028462126573913e+01,9.235354883606863297e-01,3.845458481244667936e-01,1.632078251824492510e-01,5.143632778692338370e+00,4.609215462682788589e-01,1.000000000000000000e+00,8.415604973647049514e-01,5.533558793182564273e+00
-2.642958768384305657e+01,1.341117746247313747e+01,2.962045738896226510e+01,9.289983324119983621e-01,3.850353684306995206e-01,1.621357870187921379e-01,5.143599254687517330e+00,4.609076196967489270e-01,1.000000000000000000e+00,8.415604973647049514e-01,5.533558793182564273e+00
-2.643233661120872213e+01,1.340652047305558980e+01,2.962062653674363233e+01,9.343819024416486485e-01,3.855177737175486952e-01,1.610793299008133339e-01,5.143566024686490934e+00,4.608938782812493917e-01,1.000000000000000000e+00,8.415604973647049514e-01,5.533558793182564273e+00
-2.643512505560948611e+01,1.340179431703995760e+01,2.962079704785805134e+01,9.398448033424315895e-01,3.860072760856068097e-01,1.600073296225075214e-01,5.143532109709536115e+00,4.608799171875589407e-01,1.000000000000000000e+00,8.415604973647049514e-01,5.533558793182564273e+00
-2.643791251677656362e+01,1.339706759016305782e+01,2.962096642242117994e+01,9.453077325284233723e-01,3.864967693878768040e-01,1.589353484725689603e-01,5.143497997829159729e+00,4.608659387081313064e-01,1.000000000000000000e+00,8.415604973647049514e-01,5.533558793182564273e+00
-2.644065855132697607e+01,1.339240892118940529e+01,2.962113222630483378e+01,9.506913857771994714e-01,3.869791480018672791e-01,1.578789476330057506e-01,5.143464188509891066e+00,4.608521461412878328e-01,1.000000000000000000e+00,8.415604973647049514e-01,5.533558793182564273e+00
-2.644344405994805669e+01,1.338768106147369608e+01,2.962129934424294220e+01,9.561543704333406168e-01,3.874686232423701915e-01,1.568070045558055681e-01,5.143429685704737686e+00,4.608381331458391572e-01,1.000000000000000000e+00,8.415604973647049514e-01,5.533558793182564273e+00
-2.644618817006623246e+01,1.338302127649765261e+01,2.962146292424631966e+01,9.615380778947422158e-01,3.879509840162653767e-01,1.557506412977431864e-01,5.143395491151140142e+00,4.608243065660447280e-01,1.000000000000000000e+00,8.415604973647049514e-01,5.533558793182564273e+00
-2.644897172567369381e+01,1.337829228473684928e+01,2.962162778553136633e+01,9.670011171039085696e-01,3.884404411128282719e-01,1.546787364178347779e-01,5.143360597452736549e+00,4.608102590586600766e-01,1.000000000000000000e+00,8.415604973647049514e-01,5.533558793182564273e+00
-2.645175429745751572e+01,1.337356272311608940e+01,2.962179151022972334e+01,9.724641834412768304e-01,3.889298890399369713e-01,1.536068508234556540e-01,5.143325506890666254e+00,4.607961941706907316e-01,1.000000000000000000e+00,8.415604973647049514e-01,5.533558793182564273e+00
-2.645449551302515800e+01,1.336890126152925440e+01,2.962195174623127514e+01,9.778479707185336878e-01,3.894122228360453741e-01,1.525505443060458377e-01,5.143290733135781778e+00,4.607823164547090733e-01,1.000000000000000000e+00,8.415604973647049514e-01,5.533558793182564273e+00
-2.645727613109266230e+01,1.336417056905748346e+01,2.962211321423507826e+01,9.833110902295700839e-01,3.899016524956331331e-01,1.514786970962595236e-01,5.143255251727905097e+00,4.607682170609501138e-01,1.000000000000000000e+00,8.415604973647049514e-01,5.533558793182564273e+00
-2.646001542107513771e+01,1.335950799342743522e+01,2.962227122628829434e+01,9.886949294562956680e-01,3.903839682488827734e-01,1.504224284676498324e-01,5.143220092816545908e+00,4.607543053421029322e-01,1.000000000000000000e+00,8.415604973647049514e-01,5.533558793182564273e+00
-2.646279408495914964e+01,1.335477617089947699e+01,2.962243043757041860e+01,9.941581012231210934e-01,3.908733795587187032e-01,1.493506197670957658e-01,5.143184220594454459e+00,4.607401714466461962e-01,1.000000000000000000e+00,8.415604973647049514e-01,5.533558793182564273e+00
-2.646553144889663400e+01,1.335011248200888723e+01,2.962258622564876376e+01,9.995419914955689933e-01,3.913556771881466778e-01,1.482943891499446942e-01,5.143148676557755650e+00,4.607262257289645446e-01,1.000000000000000000e+00,8.415604973647049514e-01,5.533558793182564273e+00
-2.646830815813069293e+01,1.334537953021908052e+01,2.962274318018248209e+01,1.005005214601073504e+00,3.918450700660726094e-01,1.472226190830881465e-01,5.143112413553054374e+00,4.607120573359014259e-01,1.000000000000000000e+00,8.415604973647049514e-01,5.533558793182564273e+00
-2.647108388271759338e+01,1.334064600997104755e+01,2.962289899808201099e+01,1.010468463216215085e+00,3.923344536295436669e-01,1.461508685214555625e-01,5.143075953740443573e+00,4.606978715694725057e-01,1.000000000000000000e+00,8.415604973647049514e-01,5.533558793182564273e+00
-2.647381834968122405e+01,1.333598064859441656e+01,2.962305144201874896e+01,1.015852428541698771e+00,3.928167238545038353e-01,1.450946952914824728e-01,5.143039830666505274e+00,4.606838747368443010e-01,1.000000000000000000e+00,8.415604973647049514e-01,5.533558793182564273e+00
-2.647659211891719266e+01,1.333124600027964135e+01,2.962320500313038352e+01,1.021315727116091310e+00,3.933060888624978491e-01,1.440229835507326195e-01,5.143002980118857259e+00,4.606696544789655734e-01,1.000000000000000000e+00,8.415604973647049514e-01,5.533558793182564273e+00
-2.647932465868533924e+01,1.332657952760397890e+01,2.962335522302745261e+01,1.026699741223268347e+00,3.937883407608283592e-01,1.429668486394777283e-01,5.142966471997646671e+00,4.606556236576069274e-01,1.000000000000000000e+00,8.415604973647049514e-01,5.533558793182564273e+00
-2.648209647210476803e+01,1.332184375201723192e+01,2.962350652732541789e+01,1.032163088839830323e+00,3.942776871311992615e-01,1.418951758440098465e-01,5.142929230746632108e+00,4.606413689123746713e-01,1.000000000000000000e+00,8.415604973647049514e-01,5.533558793182564273e+00
-2.648486730028954739e+01,1.331710740897506895e+01,2.962365669495666509e+01,1.037626460808885653e+00,3.947670240834666444e-01,1.408235227107705878e-01,5.142891792727642297e+00,4.606270967989434251e-01,1.000000000000000000e+00,8.415604973647049514e-01,5.533558793182564273e+00
-2.648759694135584297e+01,1.331243926676294542e+01,2.962380357061645597e+01,1.043010546565588115e+00,3.952492482724655476e-01,1.397674456484340744e-01,5.142854705686679573e+00,4.606130148778376232e-01,1.000000000000000000e+00,8.415604973647049514e-01,5.533558793182564273e+00
-2.649036581302420146e+01,1.330770179764487793e+01,2.962395148139597012e+01,1.048473966197073892e+00,3.957385664635292288e-01,1.386958316476322728e-01,5.142816877011989085e+00,4.605987082832176394e-01,1.000000000000000000e+00,8.415604973647049514e-01,5.533558793182564273e+00
-2.649309352574710985e+01,1.330303254609542307e+01,2.962409613295365318e+01,1.053858098472511884e+00,3.962207721232103852e-01,1.376397932109122424e-01,5.142779405001961734e+00,4.605845923834939737e-01,1.000000000000000000e+00,8.415604973647049514e-01,5.533558793182564273e+00
-2.649586044043406829e+01,1.329829395169700490e+01,2.962424178685658305e+01,1.059321564848957564e+00,3.967100714708999831e-01,1.365682184669599619e-01,5.142741185703294526e+00,4.605702513117868047e-01,1.000000000000000000e+00,8.415604973647049514e-01,5.533558793182564273e+00
-2.649858622435528588e+01,1.329362359159474494e+01,2.962438421428785063e+01,1.064705742738498273e+00,3.971922585202433131e-01,1.355122187785467169e-01,5.142703328755486858e+00,4.605561014374898732e-01,1.000000000000000000e+00,8.415604973647049514e-01,5.533558793182564273e+00
-2.650135118159639092e+01,1.328888387271140914e+01,2.962452761128976064e+01,1.070169254942793913e+00,3.976815389424239733e-01,1.344406834157629294e-01,5.142664718864597972e+00,4.605417258927982926e-01,1.000000000000000000e+00,8.415604973647049514e-01,5.533558793182564273e+00
-2.650411515278271324e+01,1.328414358777654947e+01,2.962466987158146381e+01,1.075632789880756945e+00,3.981708098015173114e-01,1.333691679346974135e-01,5.142625912261742371e+00,4.605273329871473753e-01,1.000000000000000000e+00,8.415604973647049514e-01,5.533558793182564273e+00
-2.650683803558901985e+01,1.327947156226846559e+01,2.962480895464749153e+01,1.081017034656767350e+00,3.986529687149478196e-01,1.323132267410162266e-01,5.142587476558973414e+00,4.605131320344031942e-01,1.000000000000000000e+00,8.415604973647049514e-01,5.533558793182564273e+00
-2.650960004863146580e+01,1.327473015404552648e+01,2.962494895800210415e+01,1.086480614043054516e+00,3.991422205249913757e-01,1.312417508281054912e-01,5.142548279411685463e+00,4.604987046619418156e-01,1.000000000000000000e+00,8.415604973647049514e-01,5.533558793182564273e+00
-2.651232100149086790e+01,1.327005702194823833e+01,2.962508581688255305e+01,1.091864902169838558e+00,3.996243606253958580e-01,1.301858486894940936e-01,5.142509458849549020e+00,4.604844697447543767e-01,1.000000000000000000e+00,8.415604973647049514e-01,5.533558793182564273e+00
-2.651508105592537134e+01,1.326531449123385897e+01,2.962522356327655260e+01,1.097328525086474826e+00,4.001135933041866100e-01,1.291144124691663009e-01,5.142469871189640607e+00,4.604700079095921383e-01,1.000000000000000000e+00,8.415604973647049514e-01,5.533558793182564273e+00
-2.651780007838111075e+01,1.326064025333182705e+01,2.962535819794844372e+01,1.102712855660188396e+00,4.005957145106302519e-01,1.280585495080752700e-01,5.142430665799499145e+00,4.604557390320103138e-01,1.000000000000000000e+00,8.415604973647049514e-01,5.533558793182564273e+00
-2.652055817374435520e+01,1.325589660092210664e+01,2.962549368735870559e+01,1.108176521190028296e+00,4.010849279760437813e-01,1.269871531045717317e-01,5.142390687658806137e+00,4.604412427382567063e-01,1.000000000000000000e+00,8.415604973647049514e-01,5.533558793182564273e+00
-2.652331528223480817e+01,1.325115238386575989e+01,2.962562804001761307e+01,1.113640207834837526e+00,4.015741317334229343e-01,1.259157768021000601e-01,5.142350512862305933e+00,4.604267290907945731e-01,1.000000000000000000e+00,8.415604973647049514e-01,5.533558793182564273e+00
-2.652603140116854874e+01,1.324647648469199623e+01,2.962575933020319852e+01,1.119024600531808744e+00,4.020562243774280509e-01,1.248599729811465803e-01,5.142310728882425686e+00,4.604124091560998777e-01,1.000000000000000000e+00,8.415604973647049514e-01,5.533558793182564273e+00
-2.652878654989145701e+01,1.324173114713813604e+01,2.962589142584430135e+01,1.124488328410260252e+00,4.025454087979064566e-01,1.237886366823654632e-01,5.142270163653055448e+00,4.603978610562303730e-01,1.000000000000000000e+00,8.415604973647049514e-01,5.533558793182564273e+00
-2.653150073727875125e+01,1.323705414412557424e+01,2.962602049176541641e+01,1.129872761289949068e+00,4.030274823452163480e-01,1.227328723456617005e-01,5.142229994923795289e+00,4.603835071712897298e-01,1.000000000000000000e+00,8.415604973647049514e-01,5.533558793182564273e+00
-2.653425392577160835e+01,1.323230768687080605e+01,2.962615033036654566e+01,1.135336529484842316e+00,4.035166473466740289e-01,1.216615761747627117e-01,5.142189039293447728e+00,4.603689246231268961e-01,1.000000000000000000e+00,8.415604973647049514e-01,5.533558793182564273e+00
-2.653696618115683492e+01,1.322762958080456031e+01,2.962627717200152588e+01,1.140721001643377974e+00,4.039987017163645389e-01,1.206058514446810975e-01,5.142148485846249173e+00,4.603545367919957831e-01,1.000000000000000000e+00,8.415604973647049514e-01,5.533558793182564273e+00
-2.653971740895707043e+01,1.322288200464635644e+01,2.962640475354086078e+01,1.146184809236727276e+00,4.044878472166150152e-01,1.195345955259878995e-01,5.142107139846848085e+00,4.603399197996581038e-01,1.000000000000000000e+00,8.415604973647049514e-01,5.533558793182564273e+00
-2.654242773188493132e+01,1.321820279631172035e+01,2.962652937086840765e+01,1.151569319770239019e+00,4.049698823277658732e-01,1.184789105248800906e-01,5.142066201713174856e+00,4.603254980263934981e-01,1.000000000000000000e+00,8.415604973647049514e-01,5.533558793182564273e+00
-2.654517699853068180e+01,1.321345410204706461e+01,2.962665469532453244e+01,1.157033165844818967e+00,4.054590082446950516e-01,1.174076949825395288e-01,5.142024465376661801e+00,4.603108465939989014e-01,1.000000000000000000e+00,8.415604973647049514e-01,5.533558793182564273e+00
-2.654792527725496853e+01,1.320870484494368213e+01,2.962677888297984907e+01,1.162497030953248967e+00,4.059481242672696721e-01,1.163364998230060621e-01,5.141982532456741417e+00,4.602961778172338647e-01,1.000000000000000000e+00,8.415604973647049514e-01,5.533558793182564273e+00
-2.655063269357554390e+01,1.320402398065630400e+01,2.962690015567559598e+01,1.167881597487195222e+00,4.064301302678124950e-01,1.152808747910331888e-01,5.141941015946347449e+00,4.602817050143305777e-01,1.000000000000000000e+00,8.415604973647049514e-01,5.533558793182564273e+00
-2.655337901045130522e+01,1.319927360664555138e+01,2.962702208621620059e+01,1.173345499697274974e+00,4.069192265835664957e-01,1.142097201945620755e-01,5.141898692737389531e+00,4.602670018037052779e-01,1.000000000000000000e+00,8.415604973647049514e-01,5.533558793182564273e+00
-2.655608449317539055e+01,1.319459164205781754e+01,2.962714113455281506e+01,1.178730102341907227e+00,4.074012131228715861e-01,1.131541351980399901e-01,5.141856791619413336e+00,4.602524950688381411e-01,1.000000000000000000e+00,8.415604973647049514e-01,5.533558793182564273e+00
-2.655882884774162278e+01,1.318984015193710491e+01,2.962726080795824402e+01,1.184194040736450404e+00,4.078902896497039743e-01,1.120830212887125588e-01,5.141814078153418954e+00,4.602377574284752804e-01,1.000000000000000000e+00,8.415604973647049514e-01,5.533558793182564273e+00
-2.656153239641506048e+01,1.318515708783496265e+01,2.962737763191574913e+01,1.189578678587876581e+00,4.083722566468621640e-01,1.110274764499147304e-01,5.141771792459405965e+00,4.602232167657080431e-01,1.000000000000000000e+00,8.415604973647049514e-01,5.533558793182564273e+00
-2.656427478821063559e+01,1.318040448240267004e+01,2.962749504816589052e+01,1.195042652248792692e+00,4.088613133025947866e-01,1.099564033519659784e-01,5.141728688768404609e+00,4.602084446997343758e-01,1.000000000000000000e+00,8.415604973647049514e-01,5.533558793182564273e+00
-2.656701619127126079e+01,1.317565131553942415e+01,2.962761132757943017e+01,1.200506643324517952e+00,4.093503599190492226e-01,1.088853508558697836e-01,5.141685388550488511e+00,4.601936552966683358e-01,1.000000000000000000e+00,8.415604973647049514e-01,5.533558793182564273e+00
-2.656971683094413095e+01,1.317096659962622240e+01,2.962772480679981157e+01,1.205891332413136396e+00,4.098322973792319912e-01,1.078298666306247849e-01,5.141642524645963164e+00,4.601790636256747891e-01,1.000000000000000000e+00,8.415604973647049514e-01,5.533558793182564273e+00
-2.657245627054194159e+01,1.316621231865119945e+01,2.962783882902856902e+01,1.211355357375921926e+00,4.103213240011320817e-01,1.067588551324377827e-01,5.141598834251238870e+00,4.601642398032039227e-01,1.000000000000000000e+00,8.415604973647049514e-01,5.533558793182564273e+00
-2.657515497502803825e+01,1.316152650519297396e+01,2.962795008382142115e+01,1.216740079407301778e+00,4.108032417165262684e-01,1.057034113711382423e-01,5.141555585849770793e+00,4.601496142144952395e-01,1.000000000000000000e+00,8.415604973647049514e-01,5.533558793182564273e+00
-2.657789245070315687e+01,1.315677111090430174e+01,2.962806184884625083e+01,1.222204137339874208e+00,4.112922482617762387e-01,1.046324409948775624e-01,5.141511505310320196e+00,4.601347559767487994e-01,1.000000000000000000e+00,8.415604973647049514e-01,5.533558793182564273e+00
-2.658058921954944154e+01,1.315208420068768724e+01,2.962817087919290771e+01,1.227588891410054117e+00,4.117741461514803358e-01,1.035770378197295866e-01,5.141467872443538312e+00,4.601200964743953903e-01,1.000000000000000000e+00,8.415604973647049514e-01,5.533558793182564273e+00
-2.658332473084193026e+01,1.314732769388433731e+01,2.962828038699503352e+01,1.233052981394378023e+00,4.122631325379205736e-01,1.025061086895365375e-01,5.141423401791475278e+00,4.601052038255066812e-01,1.000000000000000000e+00,8.415604973647049514e-01,5.533558793182564273e+00
-2.658601956359571972e+01,1.314263968769606983e+01,2.962838719287717737e+01,1.238437766599478351e+00,4.127450105210429543e-01,1.014507462227038914e-01,5.141379384491029825e+00,4.600905104135802892e-01,1.000000000000000000e+00,8.415604973647049514e-01,5.533558793182564273e+00
-2.658875311004635122e+01,1.313788206917654655e+01,2.962849444343821759e+01,1.243901887718260824e+00,4.132339766665842351e-01,1.003798584625510970e-01,5.141334523758485098e+00,4.600755833576827269e-01,1.000000000000000000e+00,8.415604973647049514e-01,5.533558793182564273e+00
-2.659144600625484500e+01,1.313319296780434087e+01,2.962859902483790719e+01,1.249286703153490663e+00,4.137158346621568894e-01,9.932453682635596082e-02,5.141290122056059175e+00,4.600608560402600355e-01,1.000000000000000000e+00,8.415604973647049514e-01,5.533558793182564273e+00
-2.659417758740475790e+01,1.312843423836727652e+01,2.962870401813986021e+01,1.254750854489508072e+00,4.142047804847195369e-01,9.825369056017844993e-02,5.141244871275185702e+00,4.600458945814882017e-01,1.000000000000000000e+00,8.415604973647049514e-01,5.533558793182564273e+00
-2.659690817854587408e+01,1.312367494971316084e+01,2.962880787455370779e+01,1.260215020696792365e+00,4.146937160403748601e-01,9.718286523969735247e-02,5.141199424056434708e+00,4.600309157970805529e-01,1.000000000000000000e+00,8.415604973647049514e-01,5.533558793182564273e+00
-2.659959816200615279e+01,1.311898420304319757e+01,2.962890911106475755e+01,1.265599879886133650e+00,4.151755438292885625e-01,9.612760522862180690e-02,5.141154444405458435e+00,4.600161375051376456e-01,1.000000000000000000e+00,8.415604973647049514e-01,5.533558793182564273e+00
-2.660232678715695087e+01,1.311422380467319471e+01,2.962901071019315324e+01,1.271064074930947640e+00,4.156644589385076749e-01,9.505682158853070995e-02,5.141108607186776425e+00,4.600011243240781922e-01,1.000000000000000000e+00,8.415604973647049514e-01,5.533558793182564273e+00
-2.660501483294054736e+01,1.310953196479076865e+01,2.962910972217849093e+01,1.276448962086822903e+00,4.161462665373217851e-01,9.400160271390703426e-02,5.141063243213229939e+00,4.599863121368479302e-01,1.000000000000000000e+00,8.415604973647049514e-01,5.533558793182564273e+00
-2.660774149164258873e+01,1.310477045750466907e+01,2.962920906400435683e+01,1.281913185051129389e+00,4.166351611179620607e-01,9.293086087824016517e-02,5.141017016026833808e+00,4.599712645632782482e-01,1.000000000000000000e+00,8.415604973647049514e-01,5.533558793182564273e+00
-2.661042759929828350e+01,1.310007752519736357e+01,2.962930585144736284e+01,1.287298099269625240e+00,4.171169484457996068e-01,9.187568326213921277e-02,5.140971267762472152e+00,4.599564184848409787e-01,1.000000000000000000e+00,8.415604973647049514e-01,5.533558793182564273e+00
-2.661315229109383651e+01,1.309531490979448698e+01,2.962940293595402252e+01,1.292762349236133090e+00,4.176058224157892518e-01,9.080498335476341887e-02,5.140924650640597449e+00,4.599413365229026995e-01,1.000000000000000000e+00,8.415604973647049514e-01,5.533558793182564273e+00
-2.661583646017029636e+01,1.309062088585082684e+01,2.962949749883843253e+01,1.298147289612451516e+00,4.180875893916981001e-01,8.974984711940078852e-02,5.140878518117208529e+00,4.599264565573428776e-01,1.000000000000000000e+00,8.415604973647049514e-01,5.533558793182564273e+00
-2.661855918460198112e+01,1.308585716313066527e+01,2.962959232600959325e+01,1.303611565663896243e+00,4.185764426689713158e-01,8.867918926415528647e-02,5.140831511092119221e+00,4.599113402111794646e-01,1.000000000000000000e+00,8.415604973647049514e-01,5.533558793182564273e+00
-2.662124141464862248e+01,1.308116204833861929e+01,2.962968466431953019e+01,1.308996531294084775e+00,4.190581892120792684e-01,8.762409453156184969e-02,5.140784994341506042e+00,4.598964263625814897e-01,1.000000000000000000e+00,8.415604973647049514e-01,5.533558793182564273e+00
-2.662396217125895603e+01,1.307639721910158492e+01,2.962977723413925801e+01,1.314460832512340360e+00,4.195470217144975367e-01,8.655347885242901940e-02,5.140737597445489193e+00,4.598812756363402920e-01,1.000000000000000000e+00,8.415604973647049514e-01,5.533558793182564273e+00
-2.662664246182552574e+01,1.307170101424930664e+01,2.962986734785922494e+01,1.319845822492446530e+00,4.200287477439351713e-01,8.549842574461115341e-02,5.140690696499477852e+00,4.598663279087900069e-01,1.000000000000000000e+00,8.415604973647049514e-01,5.533558793182564273e+00
-2.662936125015776767e+01,1.306693507929527875e+01,2.962995766031198031e+01,1.325310147960211182e+00,4.205175593894373565e-01,8.442785236538943860e-02,5.140642909764841839e+00,4.598511428066183182e-01,1.000000000000000000e+00,8.415604973647049514e-01,5.533558793182564273e+00
-2.663207904698266759e+01,1.306216858774358691e+01,2.963004683582322940e+01,1.330774485293968468e+00,4.210063604991571840e-01,8.335730033764224278e-02,5.140594926698004663e+00,4.598359403923846234e-01,1.000000000000000000e+00,8.415604973647049514e-01,5.533558793182564273e+00
-2.663475642039155389e+01,1.305747074530107099e+01,2.963013360449745193e+01,1.336159510185185084e+00,4.214880555307728427e-01,8.230231004900609437e-02,5.140547448114366702e+00,4.598209417302532853e-01,1.000000000000000000e+00,8.415604973647049514e-01,5.533558793182564273e+00
-2.663747224825217685e+01,1.305270314923553343e+01,2.963022052261907646e+01,1.341623870389076600e+00,4.219768356601860670e-01,8.123180050729132684e-02,5.140499075257533690e+00,4.598057049463286083e-01,1.000000000000000000e+00,8.415604973647049514e-01,5.533558793182564273e+00
-2.664014768105463915e+01,1.304800421870771565e+01,2.963030506666613562e+01,1.347008917366007807e+00,4.224585099755896467e-01,8.017685214899222812e-02,5.140451212558287075e+00,4.597906724154854352e-01,1.000000000000000000e+00,8.415604973647049514e-01,5.533558793182564273e+00
-2.664286153949464619e+01,1.304323551892943378e+01,2.963038972738353038e+01,1.352473299521856021e+00,4.229472690425661874e-01,7.910638521722147820e-02,5.140402449943833219e+00,4.597754012660242862e-01,1.000000000000000000e+00,8.415604973647049514e-01,5.533558793182564273e+00
-2.664553503124156109e+01,1.303853550110510895e+01,2.963047204678923663e+01,1.357858367680526257e+00,4.234289225608999230e-01,7.805147891119004755e-02,5.140354203160889313e+00,4.597603348705618931e-01,1.000000000000000000e+00,8.415604973647049514e-01,5.533558793182564273e+00
-2.664824691980539484e+01,1.303376569841457133e+01,2.963055445008818367e+01,1.363322770871061351e+00,4.239176604833951867e-01,7.698105471307517544e-02,5.140305050821200261e+00,4.597450293597175608e-01,1.000000000000000000e+00,8.415604973647049514e-01,5.533558793182564273e+00
-2.665091847004756076e+01,1.302906459408345263e+01,2.963063454483871340e+01,1.368707859306658392e+00,4.243992931237305921e-01,7.592619058138437571e-02,5.140256419986495295e+00,4.597299291037324487e-01,1.000000000000000000e+00,8.415604973647049514e-01,5.533558793182564273e+00
-2.665362838827998004e+01,1.302429368928135744e+01,2.963071469070538555e+01,1.374172282614582130e+00,4.248880098197009847e-01,7.485580924061827068e-02,5.140206877953986009e+00,4.597145892356606645e-01,1.000000000000000000e+00,8.415604973647049514e-01,5.533558793182564273e+00
-2.665629799656892729e+01,1.301959149923260561e+01,2.963079256078729173e+01,1.379557390423121532e+00,4.253696215011874004e-01,7.380098740515449174e-02,5.140157863099474866e+00,4.596994551232490012e-01,1.000000000000000000e+00,8.415604973647049514e-01,5.533558793182564273e+00
-2.665900594401460921e+01,1.301481949312056763e+01,2.963087044920821356e+01,1.385021832930293684e+00,4.258583168885182735e-01,7.273064904557509369e-02,5.140107931406586950e+00,4.596840809021093266e-01,1.000000000000000000e+00,8.415604973647049514e-01,5.533558793182564273e+00
-2.666167360990219848e+01,1.301011621814352281e+01,2.963094609460841866e+01,1.390406959207799886e+00,4.263399075303093699e-01,7.167586962820104990e-02,5.140058532564244942e+00,4.596689129373690008e-01,1.000000000000000000e+00,8.415604973647049514e-01,5.533558793182564273e+00
-2.666437958610656622e+01,1.300534311152260791e+01,2.963102172557052683e+01,1.395871419996915108e+00,4.268285815269642347e-01,7.060557437345624243e-02,5.140008211243440428e+00,4.596535043673208309e-01,1.000000000000000000e+00,8.415604973647049514e-01,5.533558793182564273e+00
-2.666704530914456939e+01,1.300063875240753575e+01,2.963109514627632635e+01,1.401256563838552793e+00,4.273101510481409626e-01,6.955083749618069799e-02,5.139958428445274841e+00,4.596383025543540057e-01,1.000000000000000000e+00,8.415604973647049514e-01,5.533558793182564273e+00
-2.666974931365338009e+01,1.299586454607899455e+01,2.963116851976692345e+01,1.406721041992309296e+00,4.277988035720875493e-01,6.848058546989578554e-02,5.139907717529033526e+00,4.596228596395582899e-01,1.000000000000000000e+00,8.415604973647049514e-01,5.533558793182564273e+00
-2.667245232493431217e+01,1.299108978618038890e+01,2.963124075626443243e+01,1.412185528543956181e+00,4.282874452500712303e-01,6.741035526278531254e-02,5.139856810403145460e+00,4.596073994284127773e-01,1.000000000000000000e+00,8.415604973647049514e-01,5.533558793182564273e+00
-2.667511512575320864e+01,1.298638379838162038e+01,2.963131083177273339e+01,1.417570697094312493e+00,4.287689828609422271e-01,6.635568258048853141e-02,5.139806450327906617e+00,4.595921467270888128e-01,1.000000000000000000e+00,8.415604973647049514e-01,5.533558793182564273e+00
-2.667781616465597949e+01,1.298160793998088991e+01,2.963138081078034958e+01,1.423035199630881209e+00,4.292576029428395445e-01,6.528549578776664253e-02,5.139755153655474196e+00,4.595766521774572455e-01,1.000000000000000000e+00,8.415604973647049514e-01,5.533558793182564273e+00
-2.668047702150535372e+01,1.297690087002193415e+01,2.963144866156408597e+01,1.428420383481695310e+00,4.297391192306730945e-01,6.423086595059905590e-02,5.139704409704633825e+00,4.595613656381804524e-01,1.000000000000000000e+00,8.415604973647049514e-01,5.533558793182564273e+00
-2.668317608757611126e+01,1.297212391392154807e+01,2.963151638307004276e+01,1.433884901085001218e+00,4.302277176343832776e-01,6.316072269600656042e-02,5.139652723518206123e+00,4.595458367542311073e-01,1.000000000000000000e+00,8.415604973647049514e-01,5.533558793182564273e+00
-2.668583500000926989e+01,1.296741576259260675e+01,2.963158200911782103e+01,1.439270099332233599e+00,4.307092125183447084e-01,6.210613582574246033e-02,5.139601595723846117e+00,4.595305163811078120e-01,1.000000000000000000e+00,8.415604973647049514e-01,5.533558793182564273e+00
-2.668853209279491878e+01,1.296263770959448181e+01,2.963164747311075331e+01,1.444734631084939380e+00,4.311977891618457015e-01,6.103603623283095775e-02,5.139549520055988197e+00,4.595149531670083554e-01,1.000000000000000000e+00,8.415604973647049514e-01,5.533558793182564273e+00
-2.669118906036512584e+01,1.295792847768659506e+01,2.963171087441154583e+01,1.450119842823797356e+00,4.316792625610362810e-01,5.998149245136990410e-02,5.139498008450217093e+00,4.594995989641487144e-01,1.000000000000000000e+00,8.415604973647049514e-01,5.533558793182564273e+00
-2.669388417941292602e+01,1.295314932859279011e+01,2.963177408088047216e+01,1.455584387808611879e+00,4.321678173623142438e-01,5.891143664366151750e-02,5.139445543333517996e+00,4.594840014240684778e-01,1.000000000000000000e+00,8.415604973647049514e-01,5.533558793182564273e+00
-2.669653920167415251e+01,1.294843901689650245e+01,2.963183525742363500e+01,1.460969612135071927e+00,4.326492691959088477e-01,5.785693607272859168e-02,5.139393647948464761e+00,4.594686133955825369e-01,1.000000000000000000e+00,8.415604973647049514e-01,5.533558793182564273e+00
-2.669923234653127153e+01,1.294365877251000363e+01,2.963189620635792565e+01,1.466434169433847856e+00,4.331378020728773315e-01,5.678692417388701841e-02,5.139340793415542841e+00,4.594529815336955147e-01,1.000000000000000000e+00,8.415604973647049514e-01,5.533558793182564273e+00
-2.670188542303767321e+01,1.293894738181628767e+01,2.963195515813318792e+01,1.471819405443600459e+00,4.336192322600282978e-01,5.573246693524125384e-02,5.139288514283359532e+00,4.594375596836956510e-01,1.000000000000000000e+00,8.415604973647049514e-01,5.533558793182564273e+00
-2.670457659325214905e+01,1.293416604293931194e+01,2.963201384952261819e+01,1.477283974139279366e+00,4.341077431307022172e-01,5.466249906869705827e-02,5.139235270366845576e+00,4.594218935041740060e-01,1.000000000000000000e+00,8.415604973647049514e-01,5.533558793182564273e+00
-2.670722772355824048e+01,1.292945357403927886e+01,2.963207057652008558e+01,1.482669220928071852e+00,4.345891515905707658e-01,5.360808528406484086e-02,5.139182607519707346e+00,4.594064378367745394e-01,1.000000000000000000e+00,8.415604973647049514e-01,5.533558793182564273e+00
-2.670991691867789797e+01,1.292467114147519958e+01,2.963212701035478602e+01,1.488133800102483306e+00,4.350776403728690012e-01,5.253816157344224497e-02,5.139128974252270332e+00,4.593907373437958186e-01,1.000000000000000000e+00,8.415604973647049514e-01,5.533558793182564273e+00
-2.671256610233864137e+01,1.291995759515991615e+01,2.963218151256493371e+01,1.493519056766308140e+00,4.355590270246427753e-01,5.148379136447920473e-02,5.139075927722370984e+00,4.593752478631121794e-01,1.000000000000000000e+00,8.415604973647049514e-01,5.533558793182564273e+00
-2.671525332191204427e+01,1.291517406971155069e+01,2.963223568883543635e+01,1.498983645502121931e+00,4.360474936365636989e-01,5.041391193321480974e-02,5.139021905136692325e+00,4.593595130608533195e-01,1.000000000000000000e+00,8.415604973647049514e-01,5.533558793182564273e+00
-2.671790055848232726e+01,1.291045944677298252e+01,2.963228796624910899e+01,1.504368911136152676e+00,4.365288583993605087e-01,4.935958542171417496e-02,5.138968474956258525e+00,4.593439897710047681e-01,1.000000000000000000e+00,8.415604973647049514e-01,5.533558793182564273e+00
-2.672058580205837330e+01,1.290567482924334897e+01,2.963233988494631888e+01,1.509833508516024381e+00,4.370173027589044912e-01,4.828975039322775525e-02,5.138914063085041839e+00,4.593282206636445930e-01,1.000000000000000000e+00,8.415604973647049514e-01,5.533558793182564273e+00
-2.672323109109378692e+01,1.290095913047296960e+01,2.963238993755473416e+01,1.515218782216203763e+00,4.374986455519144224e-01,4.723546770080935125e-02,5.138860249286319792e+00,4.593126635687507231e-01,1.000000000000000000e+00,8.415604973647049514e-01,5.533558793182564273e+00
-2.672591435822132055e+01,1.289617342166594760e+01,2.963243959866993293e+01,1.520683387322002034e+00,4.379870675770166644e-01,4.616567719864907160e-02,5.138805448162299783e+00,4.592968601604719425e-01,1.000000000000000000e+00,8.415604973647049514e-01,5.533558793182564273e+00
-2.672855769927781466e+01,1.289145664785534251e+01,2.963248742646468514e+01,1.526068668184345611e+00,4.384683883194405718e-01,4.511143844689798760e-02,5.138751250777549906e+00,4.592812692646530692e-01,1.000000000000000000e+00,8.415604973647049514e-01,5.533558793182564273e+00
-2.673123898950639088e+01,1.288666984857431785e+01,2.963253482998953459e+01,1.531533280098724248e+00,4.389567879281083274e-01,4.404169259443573015e-02,5.138696060433481705e+00,4.592654315596384484e-01,1.000000000000000000e+00,8.415604973647049514e-01,5.533558793182564273e+00
-2.673388038213983009e+01,1.288195200051601930e+01,2.963258043296259814e+01,1.536918567218378939e+00,4.394380865390729030e-01,4.298749790508573504e-02,5.138641479494998165e+00,4.592498068670198275e-01,1.000000000000000000e+00,8.415604973647049514e-01,5.533558793182564273e+00
-2.673655969501934493e+01,1.287716411156453944e+01,2.963262557888913662e+01,1.542383185024000625e+00,4.399264636493198655e-01,4.191779682567099707e-02,5.138585899963655557e+00,4.592339348694536305e-01,1.000000000000000000e+00,8.415604973647049514e-01,5.533558793182564273e+00
-2.673919913878631860e+01,1.287244519005051657e+01,2.963266895703284831e+01,1.547768477496953565e+00,4.404077400480308491e-01,4.086364632026560223e-02,5.138530935503751174e+00,4.592182763841597404e-01,1.000000000000000000e+00,8.415604973647049514e-01,5.533558793182564273e+00
-2.674187647386658995e+01,1.286765621223305800e+01,2.963271184535349789e+01,1.553233100275642542e+00,4.408960945777986584e-01,3.979399013738998264e-02,5.138474966817938139e+00,4.592023700982305612e-01,1.000000000000000000e+00,8.415604973647049514e-01,5.533558793182564273e+00
-2.674451396832403205e+01,1.286293621805545939e+01,2.963275299866058177e+01,1.558618397197882643e+00,4.413773486834664528e-01,3.873988393745190356e-02,5.138419618868946159e+00,4.591866778243876013e-01,1.000000000000000000e+00,8.415604973647049514e-01,5.533558793182564273e+00
-2.674718932515562031e+01,1.285814615217593193e+01,2.963279362936813754e+01,1.564083024032306923e+00,4.418656805507762408e-01,3.767027277441649391e-02,5.138363261061484444e+00,4.591707372542832011e-01,1.000000000000000000e+00,8.415604973647049514e-01,5.533558793182564273e+00
-2.674982486986037600e+01,1.285342508612780854e+01,2.963283255783167291e+01,1.569468324499002421e+00,4.423469122825400834e-01,3.661621100160950687e-02,5.138307529655769201e+00,4.591550111960218117e-01,1.000000000000000000e+00,8.415604973647049514e-01,5.533558793182564273e+00
-2.675249824799415777e+01,1.284863393299033163e+01,2.963287093091931013e+01,1.574932954471798041e+00,4.428352214054146474e-01,3.554664498170222175e-02,5.138250782759503643e+00,4.591390363459323942e-01,1.000000000000000000e+00,8.415604973647049514e-01,5.533558793182564273e+00
-2.675513184250380050e+01,1.284391179586421572e+01,2.963290763453277066e+01,1.580318257578912977e+00,4.433164306824900480e-01,3.449262775750904647e-02,5.138194667929442794e+00,4.591232765073823274e-01,1.000000000000000000e+00,8.415604973647049514e-01,5.533558793182564273e+00
-2.675780324149060618e+01,1.283911955627378809e+01,2.963294374999404468e+01,1.585782889771930826e+00,4.438047169788846835e-01,3.342310700414728719e-02,5.138137531977250205e+00,4.591072673815019267e-01,1.000000000000000000e+00,8.415604973647049514e-01,5.533558793182564273e+00
-2.676043488536303627e+01,1.283439634886237002e+01,2.963297822875125931e+01,1.591168194615445231e+00,4.442859037204922590e-01,3.236913445002723155e-02,5.138081033755246274e+00,4.590914737667950996e-01,1.000000000000000000e+00,8.415604973647049514e-01,5.533558793182564273e+00
-2.676310430475443880e+01,1.282960302362343086e+01,2.963301208658011276e+01,1.596632828111376412e+00,4.447741671084419757e-01,3.129965908644287420e-02,5.138023508780016790e+00,4.590754303693171390e-01,1.000000000000000000e+00,8.415604973647049514e-01,5.533558793182564273e+00
-2.676573399754748195e+01,1.282487874672032113e+01,2.963304434047529412e+01,1.602018133786437204e+00,4.452553312337310665e-01,3.024573132399575176e-02,5.137966627198503389e+00,4.590596029825896318e-01,1.000000000000000000e+00,8.415604973647049514e-01,5.533558793182564273e+00
-2.676840143689521057e+01,1.282008433663780345e+01,2.963307594066603912e+01,1.607482767667613999e+00,4.457435716312426743e-01,2.917630147346856120e-02,5.137908713233152902e+00,4.590435253177103103e-01,1.000000000000000000e+00,8.415604973647049514e-01,5.533558793182564273e+00
-2.677102917816756289e+01,1.281535899103580434e+01,2.963310596969377642e+01,1.612868073270485425e+00,4.462247130594670930e-01,2.812241862405342671e-02,5.137851448324575188e+00,4.590276641630966492e-01,1.000000000000000000e+00,8.415604973647049514e-01,5.533558793182564273e+00
-2.677369463702370922e+01,1.281056349691476193e+01,2.963313531224110164e+01,1.618332706619316497e+00,4.467129303845575050e-01,2.705303440982580188e-02,5.137793145402045347e+00,4.590115522350141641e-01,1.000000000000000000e+00,8.415604973647049514e-01,5.533558793182564273e+00
-2.677632042633385367e+01,1.280583708340784277e+01,2.963316311639634648e+01,1.623718011245140147e+00,4.471940490348739194e-01,2.599919659500011040e-02,5.137735497198879564e+00,4.589956573166538711e-01,1.000000000000000000e+00,8.415604973647049514e-01,5.533558793182564273e+00
-2.677898390425097830e+01,1.280104050605328148e+01,2.963319020129533143e+01,1.629182643144291731e+00,4.476822432055876932e-01,2.492985814024235164e-02,5.137676805352128895e+00,4.589795111295670860e-01,1.000000000000000000e+00,8.415604973647049514e-01,5.533558793182564273e+00
-2.678160774115812259e+01,1.279631302543485205e+01,2.963321578057341554e+01,1.634567945889051188e+00,4.481633389972322634e-01,2.387606548137566689e-02,5.137618773886871715e+00,4.589635824515994056e-01,1.000000000000000000e+00,8.415604973647049514e-01,5.533558793182564273e+00
-2.678426923768871859e+01,1.279151536565268366e+01,2.963324060781950919e+01,1.640032575420370620e+00,4.486515099315440125e-01,2.280677290939543689e-02,5.137559693148894269e+00,4.589474020097119022e-01,1.000000000000000000e+00,8.415604973647049514e-01,5.533558793182564273e+00
-2.678689112175240084e+01,1.278678681871634915e+01,2.963326396221613379e+01,1.645417875380031703e+00,4.491325827837546747e-01,2.175302552784233456e-02,5.137501278454058351e+00,4.589314395762772447e-01,1.000000000000000000e+00,8.415604973647049514e-01,5.533558793182564273e+00
-2.678955063644966827e+01,1.278198807731196851e+01,2.963328653180516525e+01,1.650882501626151466e+00,4.496207303997139526e-01,2.068377896176992747e-02,5.137441808857858838e+00,4.589152248837918280e-01,1.000000000000000000e+00,8.415604973647049514e-01,5.533558793182564273e+00
-2.679217056722936618e+01,1.277725846485221695e+01,2.963330766131642235e+01,1.656267797895884186e+00,4.501017802316612526e-01,1.963007697901681184e-02,5.137383010965995034e+00,4.588992286990357106e-01,1.000000000000000000e+00,8.415604973647049514e-01,5.533558793182564273e+00
-2.679482809964686396e+01,1.277245864263117348e+01,2.963332797324460444e+01,1.661732419939477623e+00,4.505899044473241633e-01,1.856087654195542544e-02,5.137323152544603033e+00,4.588829797601567395e-01,1.000000000000000000e+00,8.415604973647049514e-01,5.533558793182564273e+00
-2.679744607670276935e+01,1.276772796544194932e+01,2.963334687786692712e+01,1.667117711615262010e+00,4.510709311782556963e-01,1.750722007930792176e-02,5.137263971488272851e+00,4.588669498282235137e-01,1.000000000000000000e+00,8.415604973647049514e-01,5.533558793182564273e+00
-2.680010162639397464e+01,1.276292706321072146e+01,2.963336493213085276e+01,1.672582328538151586e+00,4.515590319116064011e-01,1.643806589450548181e-02,5.137203724274750805e+00,4.588506666471600659e-01,1.000000000000000000e+00,8.415604973647049514e-01,5.533558793182564273e+00
-2.680271764928662037e+01,1.275819532208615037e+01,2.963338161186108266e+01,1.677967614715978328e+00,4.520400354607737592e-01,1.538445507324500729e-02,5.137144160086535294e+00,4.588346029721958041e-01,1.000000000000000000e+00,8.415604973647049514e-01,5.533558793182564273e+00
-2.680537121580575999e+01,1.275339334065063213e+01,2.963339740845771075e+01,1.683432225600851595e+00,4.525281126298781320e-01,1.431534726375576112e-02,5.137083524113958077e+00,4.588182855531559023e-01,1.000000000000000000e+00,8.415604973647049514e-01,5.533558793182564273e+00
-2.680798528409559012e+01,1.274866053638575991e+01,2.963341186329303767e+01,1.688817505375864059e+00,4.530090929164609648e-01,1.326178220530977413e-02,5.137023576826474702e+00,4.588021881393115065e-01,1.000000000000000000e+00,8.415604973647049514e-01,5.533558793182564273e+00
-2.681063686699717508e+01,1.274385747655213130e+01,2.963342540221972143e+01,1.694282109305301987e+00,4.534971464393783291e-01,1.219272089418876187e-02,5.136962552127944726e+00,4.587858364865056715e-01,1.000000000000000000e+00,8.415604973647049514e-01,5.533558793182564273e+00
-2.681324898024538683e+01,1.273912360994141402e+01,2.963343763215771887e+01,1.699667381773515729e+00,4.539781033826385537e-01,1.113920171979262616e-02,5.136902221773823385e+00,4.587697053379306000e-01,1.000000000000000000e+00,8.415604973647049514e-01,5.533558793182564273e+00
-2.681589857908394592e+01,1.273431947251659402e+01,2.963344891341218812e+01,1.705131977829454470e+00,4.544661331773756086e-01,1.007018703019725223e-02,5.136840808382468815e+00,4.587533194555729055e-01,1.000000000000000000e+00,8.415604973647049514e-01,5.533558793182564273e+00
-2.681850873685203140e+01,1.272958454435473286e+01,2.963345891845080615e+01,1.710517242086813994e+00,4.549470666965722554e-01,9.016713861076068939e-03,5.136780094994361612e+00,4.587371545764190595e-01,1.000000000000000000e+00,8.415604973647049514e-01,5.533558793182564273e+00
-2.682115635118276131e+01,1.272477933014521767e+01,2.963346794203116019e+01,1.715981829351886034e+00,4.554350726812006478e-01,7.947745916009267553e-03,5.136718292943326603e+00,4.587207344687234123e-01,1.000000000000000000e+00,8.415604973647049514e-01,5.533558793182564273e+00
-2.682376455303215934e+01,1.272004334122777536e+01,2.963347572216871129e+01,1.721367084493559574e+00,4.559159826955271333e-01,6.894318873520763509e-03,5.136657196553919391e+00,4.587045358631467451e-01,1.000000000000000000e+00,8.415604973647049514e-01,5.533558793182564273e+00
-2.682641018241061204e+01,1.271523705104020863e+01,2.963348248807344021e+01,1.726831662050431149e+00,4.564039647881261708e-01,5.825397795953101560e-03,5.136595005876372078e+00,4.586880815343287732e-01,1.000000000000000000e+00,8.415604973647049514e-01,5.533558793182564273e+00
-2.682901642790350039e+01,1.271050000216219900e+01,2.963348804330863118e+01,1.732216907172416498e+00,4.568848512168544040e-01,4.772017001271326719e-03,5.136533526518363146e+00,4.586718492064847386e-01,1.000000000000000000e+00,8.415604973647049514e-01,5.533558793182564273e+00
-2.683166007188514612e+01,1.270569263680414274e+01,2.963349255153659101e+01,1.737681474102918955e+00,4.573728093354317847e-01,3.703142914317314981e-03,5.136470947247505414e+00,4.586553606607641775e-01,1.000000000000000000e+00,8.415604973647049514e-01,5.533558793182564273e+00
-2.683426436058401521e+01,1.270095452876075548e+01,2.963349588186848393e+01,1.743066708301213907e+00,4.578536720978366725e-01,2.649808488594214157e-03,5.136409084953612592e+00,4.586390946148096726e-01,1.000000000000000000e+00,8.415604973647049514e-01,5.533558793182564273e+00
-2.683686767787670746e+01,1.269621589530246197e+01,2.963349810788205829e+01,1.748451936741387769e+00,4.583345230835754736e-01,1.596497122921116535e-03,5.136347032603838514e+00,4.586228118346088456e-01,1.000000000000000000e+00,8.415604973647049514e-01,5.533558793182564273e+00
-2.683950835019234660e+01,1.269140692262656422e+01,2.963349923784695505e+01,1.753916486057777391e+00,4.588224451757658695e-01,5.276935797111452758e-04,5.136283871925636291e+00,4.586062720965024542e-01,1.000000000000000000e+00,8.415604973647049514e-01,5.533558793182564273e+00
-2.684210971003664170e+01,1.268666723119372897e+01,2.963349923895652438e+01,1.759301702220859909e+00,4.593032723743336598e-01,-5.255712356196910349e-04,5.136221436688990671e+00,4.585899556044171765e-01,1.000000000000000000e+00,8.415604973647049514e-01,5.533558793182564273e+00
-2.684474839584819961e+01,1.268185718536235562e+01,2.963349811124347610e+01,1.764766238620785188e+00,4.597911702880160822e-01,-1.594327481363521292e-03,5.136157887500436559e+00,4.585733816599449897e-01,1.000000000000000000e+00,8.415604973647049514e-01,5.533558793182564273e+00
-2.684734779780728076e+01,1.267711643675086464e+01,2.963349588744905816e+01,1.770151441602493492e+00,4.602719736186731136e-01,-2.647545625199361746e-03,5.136095069409701175e+00,4.585570314601376540e-01,1.000000000000000000e+00,8.415604973647049514e-01,5.533558793182564273e+00
-2.684998449667142140e+01,1.267230531857216569e+01,2.963349250205824603e+01,1.775615964167842620e+00,4.607598472718745786e-01,-3.716254450447537775e-03,5.136031131744075218e+00,4.585404233135257912e-01,1.000000000000000000e+00,8.415604973647049514e-01,5.533558793182564273e+00
-2.685258194030892298e+01,1.266756351357785171e+01,2.963348805336020320e+01,1.781001153064158515e+00,4.612406266539074151e-01,-4.769425801708277769e-03,5.135967930832047834e+00,4.585240394101598449e-01,1.000000000000000000e+00,8.415604973647049514e-01,5.533558793182564273e+00
-2.685521665178298178e+01,1.266275132385954194e+01,2.963348241029219921e+01,1.786465660877517792e+00,4.617284759647209968e-01,-5.838087083594176337e-03,5.135903604722646065e+00,4.585073970656342035e-01,1.000000000000000000e+00,8.415604973647049514e-01,5.533558793182564273e+00
-2.685781213666248135e+01,1.265800846327912232e+01,2.963347573669127755e+01,1.791850834783620172e+00,4.622092313173493672e-01,-6.891211521063397676e-03,5.135840021022159974e+00,4.584909794628773683e-01,1.000000000000000000e+00,8.415604973647049514e-01,5.533558793182564273e+00
-2.686044486030422362e+01,1.265319520282894850e+01,2.963346783594704448e+01,1.797315326927755308e+00,4.626970562038882351e-01,-7.959825136772498075e-03,5.135775306502297965e+00,4.584743029246653445e-01,1.000000000000000000e+00,8.415604973647049514e-01,5.533558793182564273e+00
-2.686303838599001992e+01,1.264845128745859171e+01,2.963345893744435600e+01,1.802700484939652625e+00,4.631777874464091393e-01,-9.012902539417989162e-03,5.135711340046198892e+00,4.584578516266845094e-01,1.000000000000000000e+00,8.415604973647049514e-01,5.533558793182564273e+00
-2.686566912135706886e+01,1.264363695708531132e+01,2.963344877902520835e+01,1.808164960496377205e+00,4.636655878267049724e-01,-1.008146836597525152e-02,5.135646237149226856e+00,4.584411408990179404e-01,1.000000000000000000e+00,8.415604973647049514e-01,5.533558793182564273e+00
-2.686826068741380524e+01,1.263889198772136169e+01,2.963343765562226295e+01,1.813550101710085016e+00,4.641462948784202958e-01,-1.113449861278479995e-02,5.135581887970381842e+00,4.584246559099819929e-01,1.000000000000000000e+00,8.415604973647049514e-01,5.533558793182564273e+00
-2.687088943406454433e+01,1.263407658823314250e+01,2.963342523952990604e+01,1.819014559762091920e+00,4.646340706705874846e-01,-1.220301652740622862e-02,5.135516396729665978e+00,4.584079109970920496e-01,1.000000000000000000e+00,8.415604973647049514e-01,5.533558793182564273e+00
-2.687347904005677179e+01,1.262933056567287338e+01,2.963341189122856534e+01,1.824399683272773132e+00,4.651147534507258374e-01,-1.325599949722552039e-02,5.135451664860974041e+00,4.583913923211740959e-01,1.000000000000000000e+00,8.415604973647049514e-01,5.533558793182564273e+00
-2.687610579754991846e+01,1.262451409787806433e+01,2.963339721746508104e+01,1.829864122902757018e+00,4.656025045728826584e-01,-1.432446937714843341e-02,5.135385785309897422e+00,4.583746132272936147e-01,1.000000000000000000e+00,8.415604973647049514e-01,5.533558793182564273e+00
-2.687869344304293406e+01,1.261976702291816821e+01,2.963338164426758681e+01,1.835249227806437844e+00,4.660831630007546966e-01,-1.537740494901104586e-02,5.135320670784272679e+00,4.583580608686661506e-01,1.000000000000000000e+00,8.415604973647049514e-01,5.533558793182564273e+00
-2.688128011529195405e+01,1.261501942590169278e+01,2.963336496675649911e+01,1.840634323138855777e+00,4.665638093115468399e-01,-1.643031695023517563e-02,5.135255366341287875e+00,4.583414917933677502e-01,1.000000000000000000e+00,8.415604973647049514e-01,5.533558793182564273e+00
-2.688390389549655168e+01,1.261020136106340139e+01,2.963334691474441129e+01,1.846098733488938493e+00,4.670515233658663057e-01,-1.749871472428832578e-02,5.135188905806632675e+00,4.583246615608694841e-01,1.000000000000000000e+00,8.415604973647049514e-01,5.533558793182564273e+00
-2.688648860659629847e+01,1.260545271284014035e+01,2.963332801234122726e+01,1.851483808861267732e+00,4.675321452036208525e-01,-1.855157914650270440e-02,5.135123218756011632e+00,4.583080588091095198e-01,1.000000000000000000e+00,8.415604973647049514e-01,5.533558793182564273e+00
-2.688911039654256285e+01,1.260063358171507808e+01,2.963330770266487235e+01,1.856948198498164615e+00,4.680198343834295338e-01,-1.961992857925168310e-02,5.135056369994455139e+00,4.582911944061995313e-01,1.000000000000000000e+00,8.415604973647049514e-01,5.533558793182564273e+00
-2.689169314605913641e+01,1.259588388308217155e+01,2.963328657537275390e+01,1.862333253006422495e+00,4.685004316674654667e-01,-2.067274530154251250e-02,5.134990300369166150e+00,4.582745579821547177e-01,1.000000000000000000e+00,8.415604973647049514e-01,5.533558793182564273e+00
-2.689431294530696803e+01,1.259106368647929308e+01,2.963326400803554606e+01,1.867797621012861953e+00,4.689880958908987374e-01,-2.174104627030569101e-02,5.134923063414174926e+00,4.582576594130722270e-01,1.000000000000000000e+00,8.415604973647049514e-01,5.533558793182564273e+00
-2.689689373280641860e+01,1.258631293823480135e+01,2.963324065585804945e+01,1.873182653752239801e+00,4.694686685404648729e-01,-2.279381517161444340e-02,5.134856611247218261e+00,4.582409893209237750e-01,1.000000000000000000e+00,8.415604973647049514e-01,5.533558793182564273e+00
-2.689951154091600571e+01,1.258149167696332427e+01,2.963321583086377942e+01,1.878646999210864976e+00,4.699563077256534438e-01,-2.386206755371703472e-02,5.134788986132281963e+00,4.582240565899101115e-01,1.000000000000000000e+00,8.415604973647049514e-01,5.533558793182564273e+00
-2.690209036596509407e+01,1.257673987990474451e+01,2.963319025380482330e+01,1.884032009277381903e+00,4.704368556600768692e-01,-2.491478851317412493e-02,5.134722151456675654e+00,4.582073528338387325e-01,1.000000000000000000e+00,8.415604973647049514e-01,5.533558793182564273e+00
-2.690470618249663204e+01,1.257191755477466266e+01,2.963316317115765841e+01,1.889496331270157370e+00,4.709244697250951628e-01,-2.598299218582634032e-02,5.134654138215316799e+00,4.581903859451392225e-01,1.000000000000000000e+00,8.415604973647049514e-01,5.533558793182564273e+00
-2.690728304466231435e+01,1.256716470969993082e+01,2.963313536922153446e+01,1.894881317759550043e+00,4.714049928636808717e-01,-2.703566508252244760e-02,5.134586921064097531e+00,4.581736485293277927e-01,1.000000000000000000e+00,8.415604973647049514e-01,5.533558793182564273e+00
-2.690989686917680146e+01,1.256234132152055061e+01,2.963310602892602219e+01,1.900345615369420926e+00,4.718925817266947931e-01,-2.810381992315186608e-02,5.134518519729844854e+00,4.581566474871862638e-01,1.000000000000000000e+00,8.415604973647049514e-01,5.533558793182564273e+00
-2.691247176802639274e+01,1.255758742922773941e+01,2.963307600211740578e+01,1.905730577377475754e+00,4.723730799887559950e-01,-2.915644463621003615e-02,5.134450920136079510e+00,4.581398764158198245e-01,1.000000000000000000e+00,8.415604973647049514e-01,5.533558793182564273e+00
-2.691504569223464216e+01,1.255283301745060243e+01,2.963304487100784712e+01,1.911115526898589323e+00,4.728535658735353309e-01,-3.020904538871478640e-02,5.134383130731413836e+00,4.581230886412648307e-01,1.000000000000000000e+00,8.415604973647049514e-01,5.533558793182564273e+00
-2.691765653518590184e+01,1.254800804009662585e+01,2.963301215250240261e+01,1.916579786309078770e+00,4.733411168727170715e-01,-3.127712693066751759e-02,5.134314148739269612e+00,4.581060365017498581e-01,1.000000000000000000e+00,8.415604973647049514e-01,5.533558793182564273e+00
-2.692022849543119989e+01,1.254325258229596152e+01,2.963297879652802891e+01,1.921964709995801712e+00,4.738215777602413636e-01,-3.232967931869151074e-02,5.134245976941570255e+00,4.580892150779050098e-01,1.000000000000000000e+00,8.415604973647049514e-01,5.533558793182564273e+00
-2.692283734527008932e+01,1.253842654391540457e+01,2.963294382038724706e+01,1.927428942732287709e+00,4.743091033529867051e-01,-3.339771172237077784e-02,5.134176606940362930e+00,4.580721287955564214e-01,1.000000000000000000e+00,8.415604973647049514e-01,5.533558793182564273e+00
-2.692540734112067113e+01,1.253367004088951653e+01,2.963290823955366093e+01,1.932813839680642687e+00,4.747895391626000272e-01,-3.445021562513653213e-02,5.134108052782747400e+00,4.580552737266104790e-01,1.000000000000000000e+00,8.415604973647049514e-01,5.533558793182564273e+00
-2.692801419740926505e+01,1.252884294229249207e+01,2.963287100578340372e+01,1.938278044825883839e+00,4.752770392670718769e-01,-3.551819876800385578e-02,5.134038294806092750e+00,4.580381533056792631e-01,1.000000000000000000e+00,8.415604973647049514e-01,5.533558793182564273e+00
-2.693058222843333382e+01,1.252408539484054373e+01,2.963283320009658439e+01,1.943662914131129682e+00,4.757574499180539096e-01,-3.657065406460284496e-02,5.133969358321706089e+00,4.580212645958249285e-01,1.000000000000000000e+00,8.415604973647049514e-01,5.533558793182564273e+00
-2.693318709073399830e+01,1.251925723683740621e+01,2.963279370870311169e+01,1.949127090767813542e+00,4.762449244524123992e-01,-3.763858782412895371e-02,5.133899212403241208e+00,4.580041100405640164e-01,1.000000000000000000e+00,8.415604973647049514e-01,5.533558793182564273e+00
-2.693575315650046420e+01,1.251449864575805293e+01,2.963275367816940431e+01,1.954511931525990676e+00,4.767253098641162090e-01,-3.869099439382710920e-02,5.133829893625245333e+00,4.579871876939933806e-01,1.000000000000000000e+00,8.415604973647049514e-01,5.533558793182564273e+00
-2.693831824666245822e+01,1.250973953697692131e+01,2.963271254334808447e+01,1.959896757779182153e+00,4.772056827184901762e-01,-3.974337673335309046e-02,5.133760385110316626e+00,4.579702486535877637e-01,1.000000000000000000e+00,8.415604973647049514e-01,5.533558793182564273e+00
-2.694092012445364759e+01,1.250490979525205226e+01,2.963266967378547534e+01,1.965360890043228892e+00,4.776931188382439464e-01,-4.081123636944442024e-02,5.133689658760220986e+00,4.579530430295671861e-01,1.000000000000000000e+00,8.415604973647049514e-01,5.533558793182564273e+00
-2.694348324871340239e+01,1.250014964403922590e+01,2.963262631412746018e+01,1.970745686396348617e+00,4.781734663326392409e-01,-4.186356980137753703e-02,5.133619768001348227e+00,4.579360703587226911e-01,1.000000000000000000e+00,8.415604973647049514e-01,5.533558793182564273e+00
-2.694608313142509459e+01,1.249531884493298151e+01,2.963258118695890175e+01,1.976209787860767619e+00,4.786608766778938095e-01,-4.293137974811566532e-02,5.133548653793528871e+00,4.579188306110010265e-01,1.000000000000000000e+00,8.415604973647049514e-01,5.533558793182564273e+00
-2.694864428935233036e+01,1.249055765208757229e+01,2.963253560247147789e+01,1.981594553409848913e+00,4.791411987316722687e-01,-4.398366415177000499e-02,5.133478380823929932e+00,4.579018243139141853e-01,1.000000000000000000e+00,8.415604973647049514e-01,5.533558793182564273e+00
-2.695124217654812071e+01,1.248572579641082569e+01,2.963248821770453745e+01,1.987058623157459181e+00,4.796285832206135247e-01,-4.505142428672565674e-02,5.133406878792103889e+00,4.578845504467507488e-01,1.000000000000000000e+00,8.415604973647049514e-01,5.533558793182564273e+00
-2.695380136771250434e+01,1.248096356273280882e+01,2.963244040839536098e+01,1.992443356997750215e+00,4.801088797530711494e-01,-4.610365954128558402e-02,5.133336223645026841e+00,4.578675105276224233e-01,1.000000000000000000e+00,8.415604973647049514e-01,5.533558793182564273e+00
-2.695639725895628658e+01,1.247613065129669074e+01,2.963239076603800370e+01,1.997907394111296142e+00,4.805962383038814290e-01,-4.717136974203212790e-02,5.133264333822934233e+00,4.578502025452781954e-01,1.000000000000000000e+00,8.415604973647049514e-01,5.533558793182564273e+00
-2.695895448292822394e+01,1.247136737758548541e+01,2.963234073191510376e+01,2.003292095338881751e+00,4.810765092343926019e-01,-4.822355572686436165e-02,5.133193296531642247e+00,4.578331290083086369e-01,1.000000000000000000e+00,8.415604973647049514e-01,5.533558793182564273e+00
-2.696151073033591317e+01,1.246660358795672252e+01,2.963228959352166925e+01,2.008676780043581189e+00,4.815567674275766930e-01,-4.927571721214065587e-02,5.133122069577604307e+00,4.578160387868753234e-01,1.000000000000000000e+00,8.415604973647049514e-01,5.533558793182564273e+00
-2.696410363413403388e+01,1.246176909825723733e+01,2.963223657304742886e+01,2.014140766611243194e+00,4.820440870131272870e-01,-5.034335246532668090e-02,5.133049599550831843e+00,4.577986797644399419e-01,1.000000000000000000e+00,8.415604973647049514e-01,5.533558793182564273e+00
-2.696665791370686094e+01,1.245700426979219344e+01,2.963218320985297893e+01,2.019525417350255481e+00,4.825243194836917882e-01,-5.139546450032429770e-02,5.132977990502396892e+00,4.577815559314547533e-01,1.000000000000000000e+00,8.415604973647049514e-01,5.533558793182564273e+00
-2.696924882046517880e+01,1.245216872636002492e+01,2.963212793180983695e+01,2.024989368992882177e+00,4.830116129267781888e-01,-5.246304951354552326e-02,5.132905132769696621e+00,4.577641628044873956e-01,1.000000000000000000e+00,8.415604973647049514e-01,5.533558793182564273e+00
-2.697180113177421035e+01,1.244740285985882799e+01,2.963207234382333155e+01,2.030373984861993719e+00,4.834918195940800523e-01,-5.351511197762302829e-02,5.132833141660182896e+00,4.577470053641556902e-01,1.000000000000000000e+00,8.415604973647049514e-01,5.533558793182564273e+00
-2.697439004105793003e+01,1.244256626350547990e+01,2.963201480822057476e+01,2.035837900662626154e+00,4.839790868129247858e-01,-5.458264662858412775e-02,5.132759896255375764e+00,4.577295781369231098e-01,1.000000000000000000e+00,8.415604973647049514e-01,5.533558793182564273e+00
-2.697694038367459513e+01,1.243779935976838757e+01,2.963195699545133976e+01,2.041222480757678426e+00,4.844592675963302897e-01,-5.563465940113324071e-02,5.132687523118127260e+00,4.577123870934519667e-01,1.000000000000000000e+00,8.415604973647049514e-01,5.533558793182564273e+00
-2.697952729504871527e+01,1.243296171130651295e+01,2.963189720229862445e+01,2.046686359798258081e+00,4.849465085090612915e-01,-5.670214356734468164e-02,5.132613890075061747e+00,4.576949257702257468e-01,1.000000000000000000e+00,8.415604973647049514e-01,5.533558793182564273e+00
-2.698207566854490125e+01,1.242819377113373136e+01,2.963183716475637652e+01,2.052070903215362563e+00,4.854266633279645804e-01,-5.775410652782923121e-02,5.132541134943441108e+00,4.576777011278234664e-01,1.000000000000000000e+00,8.415604973647049514e-01,5.533558793182564273e+00
-2.698462306452023896e+01,1.242342531682965223e+01,2.963177602296444135e+01,2.057455428091419236e+00,4.859068052295585360e-01,-5.880604471952459444e-02,5.132468190223489657e+00,4.576604598103476418e-01,1.000000000000000000e+00,8.415604973647049514e-01,5.533558793182564273e+00
-2.698720698552268615e+01,1.241858609556807380e+01,2.963171285175856795e+01,2.062919250413106198e+00,4.863940066265135531e-01,-5.987345311472580534e-02,5.132393977203384416e+00,4.576429474757534033e-01,1.000000000000000000e+00,8.415604973647049514e-01,5.533558793182564273e+00
-2.698975241173734574e+01,1.241381660602638526e+01,2.963164948520883968e+01,2.068303737258267105e+00,4.868741224429602443e-01,-6.092534131394982538e-02,5.132320650539029749e+00,4.576256725656477897e-01,1.000000000000000000e+00,8.415604973647049514e-01,5.533558793182564273e+00
-2.699233433374656599e+01,1.240897633468422256e+01,2.963158405647877913e+01,2.073767520529827380e+00,4.873612973295919915e-01,-6.199269891905041796e-02,5.132246049965252688e+00,4.576081261457264904e-01,1.000000000000000000e+00,8.415604973647049514e-01,5.533558793182564273e+00
-2.699487778977285757e+01,1.240420581070631378e+01,2.963151846518190524e+01,2.079151968439374443e+00,4.878413869802207259e-01,-6.304453700515402770e-02,5.132172341389921399e+00,4.575908176472061606e-01,1.000000000000000000e+00,8.415604973647049514e-01,5.533558793182564273e+00
-2.699745771235542335e+01,1.239936449009609731e+01,2.963145077893864254e+01,2.084615711743607491e+00,4.883285352747475105e-01,-6.411184369790577653e-02,5.132097353296394715e+00,4.575732371462333248e-01,1.000000000000000000e+00,8.415604973647049514e-01,5.533558793182564273e+00
-2.699999919776638535e+01,1.239459293248277838e+01,2.963138296290562934e+01,2.090000119813668178e+00,4.888085986789675319e-01,-6.516363155042673161e-02,5.132023262843525835e+00,4.575558950635123523e-01,1.000000000000000000e+00,8.415604973647049514e-01,5.533558793182564273e+00
