# X,Y,Xs,Ys,Zs,Xv,Yv,Zv,shellnum,theta,phi
-7.531341978246030244e+00,-2.834308419297022752e+01,2.913716632727617650e+01,-3.328223547133684512e+00,-6.146001434115255790e-06,1.293378408972719884e-01,5.433447374288461695e+00,4.941299999986578095e-01,1.000000000000000000e+00,7.871033567028888900e-01,3.204194933806974177e+00
-7.525575523150787483e+00,-2.834407436970431249e+01,2.913730439943555339e+01,-3.322398364201458065e+00,5.236031987394529352e-04,1.282391137034394613e-01,5.433572767432345074e+00,4.941299902422501833e-01,1.000000000000000000e+00,7.871033567028888900e-01,3.204194933806974177e+00
-7.519979417249975207e+00,-2.834503414974664182e+01,2.913743725959355402e+01,-3.316745430786646409e+00,1.037676120492880827e-03,1.271728386830634772e-01,5.433694246360116331e+00,4.941299616748495160e-01,1.000000000000000000e+00,7.871033567028888900e-01,3.204194933806974177e+00
-7.514212565672371724e+00,-2.834602203378603846e+01,2.913757300586685517e+01,-3.310920188256992525e+00,1.567406630652579125e-03,1.260740240416023950e-01,5.433819215466608732e+00,4.941299125541674386e-01,1.000000000000000000e+00,7.871033567028888900e-01,3.204194933806974177e+00
-7.508616075461346462e+00,-2.834697958886314950e+01,2.913770360891582456e+01,-3.305267197458124251e+00,2.081461374151660770e-03,1.250076642365350876e-01,5.433940282866859484e+00,4.941298457846702297e-01,1.000000000000000000e+00,7.871033567028888900e-01,3.204194933806974177e+00
-7.502848828320353824e+00,-2.834796518005044064e+01,2.913783702928142816e+01,-3.299441896259317275e+00,2.611173109883124788e-03,1.239087623053686388e-01,5.434064827872210124e+00,4.941297572955676287e-01,1.000000000000000000e+00,7.871033567028888900e-01,3.204194933806974177e+00
-7.497251954690834275e+00,-2.834892051000975144e+01,2.913796537520055097e+01,-3.293788848977115435e+00,3.125209593220268367e-03,1.228423178688659578e-01,5.434185483683100060e+00,4.941296523199530388e-01,1.000000000000000000e+00,7.871033567028888900e-01,3.204194933806974177e+00
-7.491484312906101728e+00,-2.834990380818776856e+01,2.913809646963716915e+01,-3.287963490038062986e+00,3.654902470055287900e-03,1.217433288060805058e-01,5.434309604523602566e+00,4.941295244582898372e-01,1.000000000000000000e+00,7.871033567028888900e-01,3.204194933806974177e+00
-7.485887056749871427e+00,-2.835085691287707022e+01,2.913822255840599951e+01,-3.282310387173259514e+00,4.168920611326454306e-03,1.206767998914434759e-01,5.434429848683350883e+00,4.941293812725426338e-01,1.000000000000000000e+00,7.871033567028888900e-01,3.204194933806974177e+00
-7.480119021240394517e+00,-2.835183791788913865e+01,2.913835132689275653e+01,-3.276484971422152448e+00,4.698594544865430933e-03,1.195777238550377458e-01,5.434553545295358390e+00,4.941292140341831396e-01,1.000000000000000000e+00,7.871033567028888900e-01,3.204194933806974177e+00
-7.474521383450007050e+00,-2.835278879715644607e+01,2.913847515849118253e+01,-3.270831813876207583e+00,5.212594262103742437e-03,1.185111106157487604e-01,5.434673377742213596e+00,4.941290326342926420e-01,1.000000000000000000e+00,7.871033567028888900e-01,3.204194933806974177e+00
-7.468752955134848825e+00,-2.835376750884625352e+01,2.913860160100755436e+01,-3.265006342241253634e+00,5.742249167949964317e-03,1.174119477637683151e-01,5.434796650062136081e+00,4.941288260151068812e-01,1.000000000000000000e+00,7.871033567028888900e-01,3.204194933806974177e+00
-7.463154936602306222e+00,-2.835471616254003635e+01,2.913872317541584422e+01,-3.259353130915016550e+00,6.256230379247718076e-03,1.163452503532391713e-01,5.434916070734407967e+00,4.941286063970674602e-01,1.000000000000000000e+00,7.871033567028888900e-01,3.204194933806974177e+00
-7.457386116401353071e+00,-2.835569258075151566e+01,2.913884729194166923e+01,-3.253527604325197053e+00,6.785866172937748964e-03,1.152460008439213923e-01,5.435038918698687382e+00,4.941283603929303436e-01,1.000000000000000000e+00,7.871033567028888900e-01,3.204194933806974177e+00
-7.451787718018824336e+00,-2.835663900872058818e+01,2.913896660914045356e+01,-3.247874340119632386e+00,7.299828796380691820e-03,1.141792194156296403e-01,5.435157927534738143e+00,4.941281025527414772e-01,1.000000000000000000e+00,7.871033567028888900e-01,3.204194933806974177e+00
-7.446018506851058483e+00,-2.835761313329818378e+01,2.913908839965595376e+01,-3.242048759502965005e+00,7.829445393542466824e-03,1.130798834070760317e-01,5.435280351079891048e+00,4.941278171595330226e-01,1.000000000000000000e+00,7.871033567028888900e-01,3.204194933806974177e+00
-7.440419729510771241e+00,-2.835855733539171197e+01,2.913920545962621134e+01,-3.236395443319043608e+00,8.343389347219343222e-03,1.120130181145446296e-01,5.435398948018123733e+00,4.941275210931989625e-01,1.000000000000000000e+00,7.871033567028888900e-01,3.204194933806974177e+00
-7.434650128296100391e+00,-2.835952916618010633e+01,2.913932492411197472e+01,-3.230569809604422638e+00,8.872986663404969221e-03,1.109135957650675686e-01,5.435520947080698662e+00,4.941271963068044615e-01,1.000000000000000000e+00,7.871033567028888900e-01,3.204194933806974177e+00
-7.429050972890241411e+00,-2.836047114224762211e+01,2.913943972683505024e+01,-3.224916442343024769e+00,9.386911865416847078e-03,1.098466467618461756e-01,5.435639132059579381e+00,4.941268620103346776e-01,1.000000000000000000e+00,7.871033567028888900e-01,3.204194933806974177e+00
-7.423280982548030593e+00,-2.836144067909195599e+01,2.913955686527204136e+01,-3.219090756458744096e+00,9.916489816236828680e-03,1.087471382296895106e-01,5.435760706576186152e+00,4.941264978266443619e-01,1.000000000000000000e+00,7.871033567028888900e-01,3.204194933806974177e+00
-7.417681449969453666e+00,-2.836238042898325773e+01,2.913966941072963124e+01,-3.213437339021366412e+00,1.043039618463226237e-02,1.076801056694889624e-01,5.435878479534211216e+00,4.941261252960532646e-01,1.000000000000000000e+00,7.871033567028888900e-01,3.204194933806974177e+00
-7.411911071419021724e+00,-2.836334767172905558e+01,2.913978422309918059e+01,-3.207611601895617781e+00,1.095995468571031584e-02,1.065805111129243116e-01,5.435999629441516490e+00,4.941257217109625843e-01,1.000000000000000000e+00,7.871033567028888900e-01,3.204194933806974177e+00
-7.406311162559934047e+00,-2.836428519529440351e+01,2.913989451127335073e+01,-3.201958135183054388e+00,1.147384213860513924e-02,1.055133951493665151e-01,5.436116990317246156e+00,4.941253109422694689e-01,1.000000000000000000e+00,7.871033567028888900e-01,3.204194933806974177e+00
-7.400540396721581260e+00,-2.836525014378740295e+01,2.914000699755714763e+01,-3.196132347744968349e+00,1.200338110548360149e-02,1.044137147268863891e-01,5.436237715551947680e+00,4.941248679516790920e-01,1.000000000000000000e+00,7.871033567028888900e-01,3.204194933806974177e+00
-7.394940112474247762e+00,-2.836618544087741611e+01,2.914011502843032630e+01,-3.190478832658016906e+00,1.251724956099753427e-02,1.033465155136383679e-01,5.436354664283996385e+00,4.941244189409083054e-01,1.000000000000000000e+00,7.871033567028888900e-01,3.204194933806974177e+00
-7.389168960267418207e+00,-2.836714809496387346e+01,2.914022518861045086e+01,-3.184652995835804745e+00,1.304676890930567268e-02,1.022467493836087121e-01,5.436474964782860297e+00,4.941239365407239514e-01,1.000000000000000000e+00,7.871033567028888900e-01,3.204194933806974177e+00
-7.383568301524925381e+00,-2.836808116542940184e+01,2.914033096216541452e+01,-3.178999433276040065e+00,1.356061828549126602e-02,1.011794670745282815e-01,5.436591501309875341e+00,4.941234492839050585e-01,1.000000000000000000e+00,7.871033567028888900e-01,3.204194933806974177e+00
-7.377796763869127972e+00,-2.836904152495594289e+01,2.914043879622431632e+01,-3.173173547997921951e+00,1.409011793086212272e-02,1.000796153953624201e-01,5.436711377009722845e+00,4.941229274700376095e-01,1.000000000000000000e+00,7.871033567028888900e-01,3.204194933806974177e+00
-7.372195731523860651e+00,-2.836997236864831251e+01,2.914054231244421089e+01,-3.167519938866159457e+00,1.460394814584464740e-02,9.901225014420816928e-02,5.436827501270417251e+00,4.941224019632048936e-01,1.000000000000000000e+00,7.871033567028888900e-01,3.204194933806974177e+00
-7.366423809339576856e+00,-2.837093043346176557e+01,2.914064782036468415e+01,-3.161694006061285478e+00,1.513342800382988518e-02,9.791231307453979182e-02,5.436946952108098863e+00,4.941218407315705607e-01,1.000000000000000000e+00,7.871033567028888900e-01,3.204194933806974177e+00
-7.360822404284028231e+00,-2.837185905023265065e+01,2.914074907923300373e+01,-3.156040351258396548e+00,1.564723897573350175e-02,9.684486503512625133e-02,5.437062664041229176e+00,4.941212769707630237e-01,1.000000000000000000e+00,7.871033567028888900e-01,3.204194933806974177e+00
-7.355050098490890420e+00,-2.837281482018037337e+01,2.914085226099825121e+01,-3.150214371855002859e+00,1.617669896197193591e-02,9.574484273346209329e-02,5.437181689953670904e+00,4.941206763172831251e-01,1.000000000000000000e+00,7.871033567028888900e-01,3.204194933806974177e+00
-7.349448321618226032e+00,-2.837374120988170390e+01,2.914095126249885581e+01,-3.144560672282484148e+00,1.669049060886740321e-02,9.467731205976495645e-02,5.437296989498038080e+00,4.941200742985455974e-01,1.000000000000000000e+00,7.871033567028888900e-01,3.204194933806974177e+00
-7.343675633135922531e+00,-2.837469468481141632e+01,2.914105211809242846e+01,-3.138734647208812234e+00,1.721993063900140175e-02,9.357720468465964558e-02,5.437415590422209455e+00,4.941194342191462252e-01,1.000000000000000000e+00,7.871033567028888900e-01,3.204194933806974177e+00
-7.338073485338757251e+00,-2.837561884729557704e+01,2.914114886220955114e+01,-3.133080903767551995e+00,1.773370287901876452e-02,9.250959153058384288e-02,5.437530477516675731e+00,4.941187939385279226e-01,1.000000000000000000e+00,7.871033567028888900e-01,3.204194933806974177e+00
-7.332300415087955159e+00,-2.837657002705520881e+01,2.914124739161535871e+01,-3.127254833952775925e+00,1.826312286860964917e-02,9.140939924081238621e-02,5.437648653389587139e+00,4.941181144291408867e-01,1.000000000000000000e+00,7.871033567028888900e-01,3.204194933806974177e+00
-7.326697897258857672e+00,-2.837749196217495395e+01,2.914134187833357714e+01,-3.121601047543562935e+00,1.877687561989149767e-02,9.034170376029017346e-02,5.437763127973064492e+00,4.941174358826961321e-01,1.000000000000000000e+00,7.871033567028888900e-01,3.204194933806974177e+00
-7.320924446159371435e+00,-2.837844084661296051e+01,2.914143808153593440e+01,-3.115774933915940181e+00,1.930627548458752063e-02,8.924142671450088771e-02,5.437880878731790268e+00,4.941167169392581271e-01,1.000000000000000000e+00,7.871033567028888900e-01,3.204194933806974177e+00
-7.315321559191886536e+00,-2.837936055422125392e+01,2.914153031084017798e+01,-3.110121105440495803e+00,1.982000866519562088e-02,8.817364906168349836e-02,5.437994940743223538e+00,4.941160001230464616e-01,1.000000000000000000e+00,7.871033567028888900e-01,3.204194933806974177e+00
-7.309547728163892977e+00,-2.838030714318639625e+01,2.914162418782374786e+01,-3.104294948928598252e+00,2.034938832062072045e-02,8.707328741862953303e-02,5.438112266324888644e+00,4.941152417414995113e-01,1.000000000000000000e+00,7.871033567028888900e-01,3.204194933806974177e+00
-7.303944472950457012e+00,-2.838122462313674532e+01,2.914171415969932966e+01,-3.098641079287473232e+00,2.086310184872663953e-02,8.600542774749175834e-02,5.438225915703295499e+00,4.941144866515851941e-01,1.000000000000000000e+00,7.871033567028888900e-01,3.204194933806974177e+00
-7.298170262914195128e+00,-2.838216891647815743e+01,2.914180571044914458e+01,-3.092814880819878098e+00,2.139246121050775162e-02,8.490498166597393315e-02,5.438342816045072858e+00,4.941136888278760408e-01,1.000000000000000000e+00,7.871033567028888900e-01,3.204194933806974177e+00
-7.292566640348367990e+00,-2.838308416862424366e+01,2.914189342488171164e+01,-3.087160970914704983e+00,2.190615500418879869e-02,8.383704013073881023e-02,5.438456052729501167e+00,4.941128954603287160e-01,1.000000000000000000e+00,7.871033567028888900e-01,3.204194933806974177e+00
-7.286792052223833416e+00,-2.838402616619147878e+01,2.914198264938319483e+01,-3.081334731419691053e+00,2.243549398798405647e-02,8.273650976954606551e-02,5.438572527768622322e+00,4.941120581904099307e-01,1.000000000000000000e+00,7.871033567028888900e-01,3.204194933806974177e+00
-7.281188063198470672e+00,-2.838493919038747748e+01,2.914206810635877787e+01,-3.075680782151336778e+00,2.294916796539081538e-02,8.166848652433787714e-02,5.438685351698186565e+00,4.941112265413040161e-01,1.000000000000000000e+00,7.871033567028888900e-01,3.204194933806974177e+00
-7.275413097906632487e+00,-2.838587889203028780e+01,2.914215500459768649e+01,-3.069854502558110987e+00,2.347848648677752781e-02,8.056787204248101741e-02,5.438801401371916810e+00,4.941103498211329437e-01,1.000000000000000000e+00,7.871033567028888900e-01,3.204194933806974177e+00
-7.269808743314701616e+00,-2.838678968813070824e+01,2.914223820410266086e+01,-3.064200514827505550e+00,2.399214056605836198e-02,7.949976724147909957e-02,5.438913812485775878e+00,4.941094798865477977e-01,1.000000000000000000e+00,7.871033567028888900e-01,3.204194933806974177e+00
-7.264033401775622956e+00,-2.838772709369939307e+01,2.914232277606516419e+01,-3.058374196064306716e+00,2.452143854070620854e-02,7.839906879783128946e-02,5.439029436731453337e+00,4.941085637120870566e-01,1.000000000000000000e+00,7.871033567028888900e-01,3.204194933806974177e+00
-7.258428682510757568e+00,-2.838863566155901097e+01,2.914240371808627117e+01,-3.052720170772995623e+00,2.503507263995741194e-02,7.733088259537623799e-02,5.439141434968807864e+00,4.941076554881074223e-01,1.000000000000000000e+00,7.871033567028888900e-01,3.204194933806974177e+00
-7.252652965644767136e+00,-2.838957077090417869e+01,2.914248596375887956e+01,-3.046893813768276615e+00,2.556434998351997390e-02,7.623010034889773912e-02,5.439256633723813295e+00,4.941066998553246270e-01,1.000000000000000000e+00,7.871033567028888900e-01,3.204194933806974177e+00
-7.247047882600050173e+00,-2.839047711037821742e+01,2.914256464828321924e+01,-3.041239751817199632e+00,2.607796402089657128e-02,7.516183289925995603e-02,5.439368219023928752e+00,4.941057533380401878e-01,1.000000000000000000e+00,7.871033567028888900e-01,3.204194933806974177e+00
-7.241271791328141916e+00,-2.839140992335076064e+01,2.914264456765281963e+01,-3.035413357500029718e+00,2.660722064897547146e-02,7.406096700907262298e-02,5.439482992225689983e+00,4.941047582429085039e-01,1.000000000000000000e+00,7.871033567028888900e-01,3.204194933806974177e+00
-7.235666345396665200e+00,-2.839231403429480594e+01,2.914272099466785093e+01,-3.029759259790083092e+00,2.712081454264014813e-02,7.299261846655950847e-02,5.439594164527874476e+00,4.941037734284135508e-01,1.000000000000000000e+00,7.871033567028888900e-01,3.204194933806974177e+00
-7.229889880639185584e+00,-2.839324455074609332e+01,2.914279858772171750e+01,-3.023932829088822771e+00,2.765005037090517703e-02,7.189166909169728004e-02,5.439708512113881511e+00,4.941027388669112508e-01,1.000000000000000000e+00,7.871033567028888900e-01,3.204194933806974177e+00
-7.224113226688213096e+00,-2.839417390164536670e+01,2.914287500015473142e+01,-3.018106380277694178e+00,2.817927561090061150e-02,7.079067740884172066e-02,5.439822643674007807e+00,4.941016842745047377e-01,1.000000000000000000e+00,7.871033567028888900e-01,3.204194933806974177e+00
-7.218507235392161547e+00,-2.839507465279774223e+01,2.914294802394102391e+01,-3.012452230364639938e+00,2.869283898308339076e-02,6.972220691033925721e-02,5.439933193265281908e+00,4.941006417194159783e-01,1.000000000000000000e+00,7.871033567028888900e-01,3.204194933806974177e+00
-7.212730209343538590e+00,-2.839600170695232606e+01,2.914302211003979437e+01,-3.006625746569326907e+00,2.922204329610789131e-02,6.862113198271553582e-02,5.440046899115507983e+00,4.940995476545856357e-01,1.000000000000000000e+00,7.871033567028888900e-01,3.204194933806974177e+00
-7.207123857401598777e+00,-2.839690022921396206e+01,2.914309287628691081e+01,-3.000971563157623478e+00,2.973558631927686324e-02,6.755258077868896149e-02,5.440157035556882015e+00,4.940984667925160112e-01,1.000000000000000000e+00,7.871033567028888900e-01,3.204194933806974177e+00
-7.201346460175820141e+00,-2.839782498647614517e+01,2.914316463603963570e+01,-2.995145045306500720e+00,3.026476962100865808e-02,6.645142276544867277e-02,5.440270315634829323e+00,4.940973332512530458e-01,1.000000000000000000e+00,7.871033567028888900e-01,3.204194933806974177e+00
-7.195739748481236653e+00,-2.839872127970388505e+01,2.914323314473629978e+01,-2.989490829297015928e+00,3.077829221334282828e-02,6.538279101035496255e-02,5.440380038865792578e+00,4.940962140783146661e-01,1.000000000000000000e+00,7.871033567028888900e-01,3.204194933806974177e+00
-7.189961980999564517e+00,-2.839964373992619784e+01,2.914330257813153580e+01,-2.983664278319180241e+00,3.130745441939808416e-02,6.428155007083204142e-02,5.440492893109118100e+00,4.940950410566155027e-01,1.000000000000000000e+00,7.871033567028888900e-01,3.204194933806974177e+00
-7.184354910445687636e+00,-2.840053780397723315e+01,2.914336882926683714e+01,-2.978010030612831649e+00,3.182095649907479284e-02,6.321283791918269612e-02,5.440602203069212273e+00,4.940938835689258068e-01,1.000000000000000000e+00,7.871033567028888900e-01,3.204194933806974177e+00
-7.178576773628837948e+00,-2.840145796701268566e+01,2.914343593629352114e+01,-2.972183447436769654e+00,3.235009752512929548e-02,6.211151421264238248e-02,5.440714631415642266e+00,4.940926710627923102e-01,1.000000000000000000e+00,7.871033567028888900e-01,3.204194933806974177e+00
-7.172969345109883044e+00,-2.840234980174442825e+01,2.914349992985689042e+01,-2.966529168935297278e+00,3.286357901025505068e-02,6.104272181914951328e-02,5.440823528044443691e+00,4.940914752564737888e-01,1.000000000000000000e+00,7.871033567028888900e-01,3.204194933806974177e+00
-7.167190839878477604e+00,-2.840326766744640707e+01,2.914356471050432873e+01,-2.960702554489352600e+00,3.339269877200146119e-02,5.994131550487458160e-02,5.440935530431751488e+00,4.940902232619125423e-01,1.000000000000000000e+00,7.871033567028888900e-01,3.204194933806974177e+00
-7.161583054287809169e+00,-2.840415727271676971e+01,2.914362644648556966e+01,-2.955048246093585185e+00,3.390615958076959036e-02,5.887244302412216607e-02,5.441044013668902224e+00,4.940889891330924599e-01,1.000000000000000000e+00,7.871033567028888900e-01,3.204194933806974177e+00
-7.155804181563335753e+00,-2.840507284093890661e+01,2.914368890074343099e+01,-2.949221601306916796e+00,3.443525799382995967e-02,5.777095426159720160e-02,5.441155590034902012e+00,4.940876976461154868e-01,1.000000000000000000e+00,7.871033567028888900e-01,3.204194933806974177e+00
-7.150196039794729508e+00,-2.840596021660610049e+01,2.914374837913269900e+01,-2.943567263918044574e+00,3.494869804440436933e-02,5.670200184828209228e-02,5.441263659820089416e+00,4.940864251909263816e-01,1.000000000000000000e+00,7.871033567028888900e-01,3.204194933806974177e+00
-7.144416800497725539e+00,-2.840687348720255301e+01,2.914380850699104286e+01,-2.937740589718797146e+00,3.547777502449678266e-02,5.560043079684524880e-02,5.441374810102668214e+00,4.940850942075511454e-01,1.000000000000000000e+00,7.871033567028888900e-01,3.204194933806974177e+00
-7.138808303445111747e+00,-2.840775863312513749e+01,2.914386572777885931e+01,-2.932086224238115157e+00,3.599119423503593929e-02,5.453139860572826098e-02,5.441482466375632931e+00,4.940837834221309399e-01,1.000000000000000000e+00,7.871033567028888900e-01,3.204194933806974177e+00
-7.133028698497187570e+00,-2.840866960595026569e+01,2.914392352922809337e+01,-2.926259521555465426e+00,3.652024969778910890e-02,5.342974542495820128e-02,5.441593190512703515e+00,4.940824129383795671e-01,1.000000000000000000e+00,7.871033567028888900e-01,3.204194933806974177e+00
-7.127419847054099478e+00,-2.840955252198721936e+01,2.914397849240534910e+01,-2.920605128883813073e+00,3.703364798649599887e-02,5.236063361076026546e-02,5.441700433213237709e+00,4.940810638188705695e-01,1.000000000000000000e+00,7.871033567028888900e-01,3.204194933806974177e+00
-7.121639877376156669e+00,-2.841046119689587002e+01,2.914403396743625407e+01,-2.914778398646167723e+00,3.756268184761202278e-02,5.125889846013685636e-02,5.441810731142791013e+00,4.940796538307711261e-01,1.000000000000000000e+00,7.871033567028888900e-01,3.204194933806974177e+00
-7.116030672437147153e+00,-2.841134188290637397e+01,2.914408667299417388e+01,-2.909123979685362293e+00,3.807605913260503350e-02,5.018970717780718571e-02,5.441917560210721483e+00,4.940782663733210289e-01,1.000000000000000000e+00,7.871033567028888900e-01,3.204194933806974177e+00
-7.110250338950153015e+00,-2.841224825975376689e+01,2.914413982159792837e+01,-2.903297222821138668e+00,3.860507130778889628e-02,4.908789021685738135e-02,5.442027431870794629e+00,4.940768168769064661e-01,1.000000000000000000e+00,7.871033567028888900e-01,3.204194933806974177e+00
-7.104469821181159439e+00,-2.841315347026898763e+01,2.914419178952575606e+01,-2.897470452799431939e+00,3.913407244497280058e-02,4.798603179791621071e-02,5.442137087173414933e+00,4.940753473283213126e-01,1.000000000000000000e+00,7.871033567028888900e-01,3.204194933806974177e+00
-7.098860085034652379e+00,-2.841403079423909972e+01,2.914424109169623378e+01,-2.891815995910459236e+00,3.964741791216452871e-02,4.691672100966017001e-02,5.442243292574681313e+00,4.940739020689764449e-01,1.000000000000000000e+00,7.871033567028888900e-01,3.204194933806974177e+00
-7.093079204845404995e+00,-2.841493370647543770e+01,2.914429073318428109e+01,-2.885989200662104182e+00,4.017639723631782900e-02,4.581478102103234834e-02,5.442352521514504993e+00,4.940723930061055591e-01,1.000000000000000000e+00,7.871033567028888900e-01,3.204194933806974177e+00
-7.087469117444491040e+00,-2.841580880006785392e+01,2.914433777771504097e+01,-2.880334719743459893e+00,4.068972149465921451e-02,4.474539115303180492e-02,5.442458313132544134e+00,4.940709093991822454e-01,1.000000000000000000e+00,7.871033567028888900e-01,3.204194933806974177e+00
-7.081687875756959016e+00,-2.841670941388129989e+01,2.914438509275537825e+01,-2.874507900197750487e+00,4.121867892141695133e-02,4.364336975452663692e-02,5.442567115647720222e+00,4.940693608180717344e-01,1.000000000000000000e+00,7.871033567028888900e-01,3.204194933806974177e+00
-7.076077437995524910e+00,-2.841758227695659045e+01,2.914442987963893117e+01,-2.868853396150397472e+00,4.173198188911730888e-02,4.257390096172634225e-02,5.442672493422553437e+00,4.940678388597353754e-01,1.000000000000000000e+00,7.871033567028888900e-01,3.204194933806974177e+00
-7.070295835730824763e+00,-2.841848059220365741e+01,2.914447486822402666e+01,-2.863026553235709315e+00,4.226091733420167529e-02,4.147179831302552633e-02,5.442780869451302017e+00,4.940662507564363426e-01,1.000000000000000000e+00,7.871033567028888900e-01,3.204194933806974177e+00
-7.064685048503575260e+00,-2.841935122462262342e+01,2.914451739745322811e+01,-2.857372026961377820e+00,4.277419892940370616e-02,4.040225075055982329e-02,5.442885833322993250e+00,4.940646904428582231e-01,1.000000000000000000e+00,7.871033567028888900e-01,3.204194933806974177e+00
-7.058903086582929198e+00,-2.842024724116017254e+01,2.914456005957590889e+01,-2.851545161606143353e+00,4.330311230853578497e-02,3.930006701140202618e-02,5.442993782803587699e+00,4.940630628134270452e-01,1.000000000000000000e+00,7.871033567028888900e-01,3.204194933806974177e+00
-7.053291950783864728e+00,-2.842111564278409475e+01,2.914460033114398740e+01,-2.845890614005802455e+00,4.381637244945524312e-02,3.823044083430657963e-02,5.443098332712259513e+00,4.940614641407822805e-01,1.000000000000000000e+00,7.871033567028888900e-01,3.204194933806974177e+00
-7.047509630129316527e+00,-2.842200936046924298e+01,2.914464066679745713e+01,-2.840063727139225946e+00,4.434526367828972582e-02,3.712817616462162768e-02,5.443205855583012287e+00,4.940597969812811074e-01,1.000000000000000000e+00,7.871033567028888900e-01,3.204194933806974177e+00
-7.041898146652489920e+00,-2.842287553115975030e+01,2.914467868069798939e+01,-2.834409159113846499e+00,4.485850228314613997e-02,3.605847152797749672e-02,5.443309991468834319e+00,4.940581599457504192e-01,1.000000000000000000e+00,7.871033567028888900e-01,3.204194933806974177e+00
-7.036115468185379029e+00,-2.842376694985009067e+01,2.914471668987581054e+01,-2.828582251664368385e+00,4.538737127741088173e-02,3.495612608759748885e-02,5.443417087668123600e+00,4.940564532522460639e-01,1.000000000000000000e+00,7.871033567028888900e-01,3.204194933806974177e+00
-7.030503637925608729e+00,-2.842463088946906069e+01,2.914475244610273919e+01,-2.822927664115639779e+00,4.590058826436227424e-02,3.388634314666585240e-02,5.443520809471312560e+00,4.940547778500154474e-01,1.000000000000000000e+00,7.871033567028888900e-01,3.204194933806974177e+00
-7.024720602567331440e+00,-2.842552000902255926e+01,2.914478812879886149e+01,-2.817100737011703160e+00,4.642943493978868297e-02,3.278391709546996102e-02,5.443627478937566266e+00,4.940530316185799964e-01,1.000000000000000000e+00,7.871033567028888900e-01,3.204194933806974177e+00
-7.018937386438079074e+00,-2.842640796169908057e+01,2.914482263079245783e+01,-2.811273800288678792e+00,4.695827025602261617e-02,3.168145019517311367e-02,5.443733931811267190e+00,4.940512653199590765e-01,1.000000000000000000e+00,7.871033567028888900e-01,3.204194933806974177e+00
-7.013325035091654946e+00,-2.842726853770719586e+01,2.914485498355522353e+01,-2.805619185011523520e+00,4.747145449930545436e-02,3.061154950350033349e-02,5.443837029270085281e+00,4.940495320725517003e-01,1.000000000000000000e+00,7.871033567028888900e-01,3.204194933806974177e+00
-7.007541463460934317e+00,-2.842815419103335728e+01,2.914488715905868688e+01,-2.799792230034266360e+00,4.800026736961937601e-02,2.950900223360548510e-02,5.443943055318023028e+00,4.940477262300886352e-01,1.000000000000000000e+00,7.871033567028888900e-01,3.204194933806974177e+00
-7.001928767573976309e+00,-2.842901253562540376e+01,2.914491725413423495e+01,-2.794137597493157266e+00,4.851342978993866684e-02,2.843902362685937421e-02,5.444045738544542878e+00,4.940459546064395191e-01,1.000000000000000000e+00,7.871033567028888900e-01,3.204194933806974177e+00
-6.996144841363681088e+00,-2.842989588946003465e+01,2.914494710314243875e+01,-2.788310625190474568e+00,4.904222013004055913e-02,2.733639614743003932e-02,5.444151337705274152e+00,4.940441092162196624e-01,1.000000000000000000e+00,7.871033567028888900e-01,3.204194933806974177e+00
-6.990531801831253667e+00,-2.843075200249913692e+01,2.914497494052598370e+01,-2.782655976287163213e+00,4.955536064556165243e-02,2.626633978104112033e-02,5.444253606639889220e+00,4.940422992125331203e-01,1.000000000000000000e+00,7.871033567028888900e-01,3.204194933806974177e+00
-6.984747521962927586e+00,-2.843163305670148944e+01,2.914500246303416375e+01,-2.776828987587459885e+00,5.008412837120024275e-02,2.516363225211055640e-02,5.444358778852026681e+00,4.940404142706469326e-01,1.000000000000000000e+00,7.871033567028888900e-01,3.204194933806974177e+00
-6.979134139679438853e+00,-2.843248693805122684e+01,2.914502804272125402e+01,-2.771174323222985514e+00,5.059724690015687809e-02,2.409349828141895550e-02,5.444460633435190822e+00,4.940385658831314419e-01,1.000000000000000000e+00,7.871033567028888900e-01,3.204194933806974177e+00
-6.973349507075495168e+00,-2.843336569248080892e+01,2.914505323872503695e+01,-2.765347319055482700e+00,5.112599192701006157e-02,2.299071086322212673e-02,5.444565378637388875e+00,4.940366413856752126e-01,1.000000000000000000e+00,7.871033567028888900e-01,3.204194933806974177e+00
-6.967735782935206679e+00,-2.843421734200515161e+01,2.914507656071160824e+01,-2.759692640130682051e+00,5.163908838765807197e-02,2.192049944357586655e-02,5.444666818809609232e+00,4.940347546105444132e-01,1.000000000000000000e+00,7.871033567028888900e-01,3.204194933806974177e+00
-6.961950798517349881e+00,-2.843509379652193658e+01,2.914509943020696525e+01,-2.753865621423837950e+00,5.216781063147724051e-02,2.081763229624866013e-02,5.444771136940590672e+00,4.940327905536194275e-01,1.000000000000000000e+00,7.871033567028888900e-01,3.204194933806974177e+00
-6.956336733415642293e+00,-2.843594321408504655e+01,2.914512049448929432e+01,-2.748210928840625122e+00,5.268088494197831206e-02,1.974734358324298916e-02,5.444872162642409918e+00,4.940308653870927325e-01,1.000000000000000000e+00,7.871033567028888900e-01,3.204194933806974177e+00
-6.950551398105635492e+00,-2.843681736854939146e+01,2.914514103747259455e+01,-2.742383896522898823e+00,5.320958431851863235e-02,1.864439686696931636e-02,5.444976053640945501e+00,4.940288617668050497e-01,1.000000000000000000e+00,7.871033567028888900e-01,3.204194933806974177e+00
-6.944765885069323907e+00,-2.843769035567299497e+01,2.914516039973887018e+01,-2.736556857653235753e+00,5.373827205753878289e-02,1.754140983046465624e-02,5.445079727844354345e+00,4.940268380664383785e-01,1.000000000000000000e+00,7.871033567028888900e-01,3.204194933806974177e+00
-6.939151307657401624e+00,-2.843853640828842799e+01,2.914517806051527771e+01,-2.730902146182837775e+00,5.425131282207651395e-02,1.647100489121575834e-02,5.445180128617874260e+00,4.940248550175682096e-01,1.000000000000000000e+00,7.871033567028888900e-01,3.204194933806974177e+00
-6.933365445118941039e+00,-2.843940709514970422e+01,2.914519509626469684e+01,-2.725075095102290845e+00,5.477997756679431340e-02,1.536793852739248845e-02,5.445283375596631004e+00,4.940227917479794173e-01,1.000000000000000000e+00,7.871033567028888900e-01,3.204194933806974177e+00
-6.927750528989101042e+00,-2.844025091546515327e+01,2.914521049932912433e+01,-2.719420372233118499e+00,5.529299597616577078e-02,1.429745668477701293e-02,5.445383361750916862e+00,4.940207702982550853e-01,1.000000000000000000e+00,7.871033567028888900e-01,3.204194933806974177e+00
-6.921964317871255545e+00,-2.844111930192523729e+01,2.914522520855896914e+01,-2.713593309871022541e+00,5.582163764226633074e-02,1.319431115410022413e-02,5.445486181443908613e+00,4.940186674555638313e-01,1.000000000000000000e+00,7.871033567028888900e-01,3.204194933806974177e+00
-6.916349063918054263e+00,-2.844196088980626058e+01,2.914523835390896522e+01,-2.707938576503972072e+00,5.633463361473844966e-02,1.212375256367986820e-02,5.445585752919699374e+00,4.940166076012221241e-01,1.000000000000000000e+00,7.871033567028888900e-01,3.204194933806974177e+00
-6.910562505142731737e+00,-2.844282697572679197e+01,2.914525073661689092e+01,-2.702111503788743541e+00,5.686325211799425627e-02,1.102052802648662184e-02,5.445688145265886071e+00,4.940144651815532861e-01,1.000000000000000000e+00,7.871033567028888900e-01,3.204194933806974177e+00
-6.904946914261691937e+00,-2.844366633103917863e+01,2.914526162425035949e+01,-2.696456760825634902e+00,5.737622557175436899e-02,9.949892844041368159e-03,5.445787302003957109e+00,4.940123669188367095e-01,1.000000000000000000e+00,7.871033567028888900e-01,3.204194933806974177e+00
-6.899160008750853557e+00,-2.844453011628216643e+01,2.914527168043439076e+01,-2.690629678685689363e+00,5.790482082794157215e-02,8.846589460715963832e-03,5.445889266942351092e+00,4.940101849183206606e-01,1.000000000000000000e+00,7.871033567028888900e-01,3.204194933806974177e+00
-6.893372927623397040e+00,-2.844539273386780209e+01,2.914528055589604350e+01,-2.684802592118386677e+00,5.843340425386311932e-02,7.743246124086602608e-03,5.445991014945967379e+00,4.940079828288609365e-01,1.000000000000000000e+00,7.871033567028888900e-01,3.204194933806974177e+00
-6.887756830513319883e+00,-2.844622872331985874e+01,2.914528804000813267e+01,-2.679147836392204773e+00,5.894634360606942902e-02,6.672495773065027433e-03,5.446089546353189093e+00,4.940058266582482704e-01,1.000000000000000000e+00,7.871033567028888900e-01,3.204194933806974177e+00
-6.881969404040775729e+00,-2.844708904002055050e+01,2.914529458894361724e+01,-2.673320741800247369e+00,5.947490365791929801e-02,5.569073832258594411e-03,5.446190866857163471e+00,4.940035849821176051e-01,1.000000000000000000e+00,7.871033567028888900e-01,3.204194933806974177e+00
-6.876352972247023132e+00,-2.844792279656921963e+01,2.914529981533550540e+01,-2.667665978737717047e+00,5.998782028642946074e-02,4.498247279727696224e-03,5.446288983378409831e+00,4.940013903937294226e-01,1.000000000000000000e+00,7.871033567028888900e-01,3.204194933806974177e+00
-6.870565201352405893e+00,-2.844878081224776167e+01,2.914530403774378087e+01,-2.661838877050444196e+00,6.051635687990986057e-02,3.394746895419533360e-03,5.446389876321871881e+00,4.939991091270714563e-01,1.000000000000000000e+00,7.871033567028888900e-01,3.204194933806974177e+00
-6.864948435770025448e+00,-2.844961233576017534e+01,2.914530700641462957e+01,-2.656184107552722828e+00,6.102925070298437227e-02,2.323844297192582866e-03,5.446487577898108334e+00,4.939968761171678047e-01,1.000000000000000000e+00,7.871033567028888900e-01,3.204194933806974177e+00
-6.859160321375237679e+00,-2.845046805027990189e+01,2.914530890229502802e+01,-2.650356999698300520e+00,6.155776375390753508e-02,1.220265629882248464e-03,5.446588043220256026e+00,4.939945552561308961e-01,1.000000000000000000e+00,7.871033567028888900e-01,3.204194933806974177e+00
-6.853543222899488363e+00,-2.845129734062352256e+01,2.914530961324437186e+01,-2.644702224666705348e+00,6.207063468979590048e-02,1.492871418483022105e-04,5.446685329792500418e+00,4.939922838209772071e-01,1.000000000000000000e+00,7.871033567028888900e-01,3.204194933806974177e+00
-6.847754765927555276e+00,-2.845215075384797032e+01,2.914530918259658065e+01,-2.638875111574379595e+00,6.259912411388035558e-02,-9.543696477151801527e-04,5.446785367432572578e+00,4.939899233617159324e-01,1.000000000000000000e+00,7.871033567028888900e-01,3.204194933806974177e+00
-6.841966135448593889e+00,-2.845300299910232056e+01,2.914530757122486904e+01,-2.633047996178623507e+00,6.312760151505214523e-02,-2.058066023299940425e-03,5.446885187998774747e+00,4.939875428047007522e-01,1.000000000000000000e+00,7.871033567028888900e-01,3.204194933806974177e+00
-6.836348536826625022e+00,-2.845382892268385788e+01,2.914530487864839614e+01,-2.627393214508107810e+00,6.364043779390671229e-02,-3.129158620856773484e-03,5.446981848839194562e+00,4.939852134362555658e-01,1.000000000000000000e+00,7.871033567028888900e-01,3.204194933806974177e+00
-6.830559565161367530e+00,-2.845467886643801947e+01,2.914530094074875066e+01,-2.621566095274562969e+00,6.416889144125781375e-02,-4.232932876412369774e-03,5.447081241631829052e+00,4.939827932752280937e-01,1.000000000000000000e+00,7.871033567028888900e-01,3.204194933806974177e+00
-6.824941635890739100e+00,-2.845550255652004523e+01,2.914529599045116015e+01,-2.615911310329838813e+00,6.468170462798827902e-02,-5.304100972759719090e-03,5.447177487320582046e+00,4.939804254721902876e-01,1.000000000000000000e+00,7.871033567028888900e-01,3.204194933806974177e+00
-6.819152323961482409e+00,-2.845635019863859938e+01,2.914528972602419898e+01,-2.610084188186881704e+00,6.521013443732559534e-02,-6.407952947584625962e-03,5.447276452279037784e+00,4.939779657033178117e-01,1.000000000000000000e+00,7.871033567028888900e-01,3.204194933806974177e+00
-6.813534064938094659e+00,-2.845717165508976976e+01,2.914528251800629732e+01,-2.604429400869725519e+00,6.572292445015326390e-02,-7.479196386588179458e-03,5.447372282757313222e+00,4.939755594619709145e-01,1.000000000000000000e+00,7.871033567028888900e-01,3.204194933806974177e+00
-6.807744413667391470e+00,-2.845801699543764229e+01,2.914527392705302233e+01,-2.598602276745933359e+00,6.625133033726915421e-02,-8.583125919895611550e-03,5.447470819821019106e+00,4.939730600814259409e-01,1.000000000000000000e+00,7.871033567028888900e-01,3.204194933806974177e+00
-6.802125825786433211e+00,-2.845883621812705755e+01,2.914526446131593929e+01,-2.592947487957356856e+00,6.676409709448771768e-02,-9.654444545521318963e-03,5.447566235030069315e+00,4.939706153980582548e-01,1.000000000000000000e+00,7.871033567028888900e-01,3.204194933806974177e+00
-6.796335836097503247e+00,-2.845967925656945496e+01,2.914525354383772537e+01,-2.587120362781924143e+00,6.729247897512258270e-02,-1.075845147636120790e-02,5.447664344138504866e+00,4.939680764020190074e-01,1.000000000000000000e+00,7.871033567028888900e-01,3.204194933806974177e+00
-6.790545675012360505e+00,-2.846052112673269363e+01,2.914524144563786123e+01,-2.581293237427663811e+00,6.782084864017612347e-02,-1.186249762533353111e-02,5.447762236034514594e+00,4.939655172994707466e-01,1.000000000000000000e+00,7.871033567028888900e-01,3.204194933806974177e+00
-6.784926593069617873e+00,-2.846133698176917548e+01,2.914522857638154818e+01,-2.575638448124338176e+00,6.833358018499324782e-02,-1.293392930004163069e-02,5.447857025112339713e+00,4.939630146575735847e-01,1.000000000000000000e+00,7.871033567028888900e-01,3.204194933806974177e+00
-6.779136094957415537e+00,-2.846217654982452672e+01,2.914521415165951979e+01,-2.569811323118505797e+00,6.886192571661420292e-02,-1.403805260395700298e-02,5.447954488961950226e+00,4.939604159337792066e-01,1.000000000000000000e+00,7.871033567028888900e-01,3.204194933806974177e+00
-6.773516686402410336e+00,-2.846299017077256721e+01,2.914519902468849466e+01,-2.564156534603434956e+00,6.937463380092612208e-02,-1.510955907375934569e-02,5.448048862623463329e+00,4.939578748405772379e-01,1.000000000000000000e+00,7.871033567028888900e-01,3.204194933806974177e+00
-6.767725852185787261e+00,-2.846382743658625003e+01,2.914518227344657930e+01,-2.558329410874505605e+00,6.990295511492949920e-02,-1.621375937168703998e-02,5.448145898366297146e+00,4.939552364917280114e-01,1.000000000000000000e+00,7.871033567028888900e-01,3.204194933806974177e+00
-6.762106117914652437e+00,-2.846463882331610051e+01,2.914516488876325795e+01,-2.552674624049463326e+00,7.041563965697383853e-02,-1.728534048024550629e-02,5.448239856552916649e+00,4.939526569435275793e-01,1.000000000000000000e+00,7.871033567028888900e-01,3.204194933806974177e+00
-6.756314948516304320e+00,-2.846547378675470696e+01,2.914514581100413082e+01,-2.546847502525917406e+00,7.094393666917830910e-02,-1.838961761120795277e-02,5.448336464128650469e+00,4.939499789658199358e-01,1.000000000000000000e+00,7.871033567028888900e-01,3.204194933806974177e+00
-6.750523609365123967e+00,-2.846630758167621877e+01,2.914512555252778725e+01,-2.541020382477269024e+00,7.147222131586161709e-02,-1.949393367360887155e-02,5.448432854384511970e+00,4.939472808748285870e-01,1.000000000000000000e+00,7.871033567028888900e-01,3.204194933806974177e+00
-6.744903385767853088e+00,-2.846711560006747277e+01,2.914510476433798658e+01,-2.535365599902942968e+00,7.198487021342969694e-02,-2.056562700512195099e-02,5.448526186130211002e+00,4.939446433485690235e-01,1.000000000000000000e+00,7.871033567028888900e-01,3.204194933806974177e+00
-6.739111712826398204e+00,-2.846794709241343568e+01,2.914508217934915635e+01,-2.529538483459744747e+00,7.251313043138285508e-02,-2.167001965772190689e-02,5.448622148128125176e+00,4.939419056229955030e-01,1.000000000000000000e+00,7.871033567028888900e-01,3.204194933806974177e+00
-6.733491165758811903e+00,-2.846875287626292916e+01,2.914505913345468002e+01,-2.523883704835170327e+00,7.302575558181545468e-02,-2.274178723605623648e-02,5.448715064252298568e+00,4.939392296324989773e-01,1.000000000000000000e+00,7.871033567028888900e-01,3.204194933806974177e+00
-6.727699159950674357e+00,-2.846958206590074880e+01,2.914503422195696913e+01,-2.518056592926666504e+00,7.355399128679773746e-02,-2.384625631761583264e-02,5.448810597932065569e+00,4.939364522685538716e-01,1.000000000000000000e+00,7.871033567028888900e-01,3.204194933806974177e+00
-6.722078290308529880e+00,-2.847038561508006183e+01,2.914500891836149066e+01,-2.512401819153056159e+00,7.406659260839665304e-02,-2.491809798638079665e-02,5.448903098376321807e+00,4.939337378101445464e-01,1.000000000000000000e+00,7.871033567028888900e-01,3.204194933806974177e+00
-6.716285952556336980e+00,-2.847121250187765185e+01,2.914498168035886749e+01,-2.506574712707466013e+00,7.459480371626359130e-02,-2.602264333580759509e-02,5.448998203677803964e+00,4.939309208040427168e-01,1.000000000000000000e+00,7.871033567028888900e-01,3.204194933806974177e+00
-6.710664761235494602e+00,-2.847201381625871974e+01,2.914495411906642275e+01,-2.500919944686082808e+00,7.510738112733017502e-02,-2.709455893855889502e-02,5.449090288383808378e+00,4.939281678740508053e-01,1.000000000000000000e+00,7.871033567028888900e-01,3.204194933806974177e+00
-6.704872092462891509e+00,-2.847283840008422118e+01,2.914492455456322162e+01,-2.495092844632596396e+00,7.563556755385303365e-02,-2.819918039452955216e-02,5.449184965246912427e+00,4.939253112220129971e-01,1.000000000000000000e+00,7.871033567028888900e-01,3.204194933806974177e+00
-6.699079256048744213e+00,-2.847366181509037730e+01,2.914489380935189544e+01,-2.489265748178090654e+00,7.616374142230353250e-02,-2.930384041329301900e-02,5.449279424652576864e+00,4.939224344480334095e-01,1.000000000000000000e+00,7.871033567028888900e-01,3.204194933806974177e+00
-6.693457581489084873e+00,-2.847445976026137870e+01,2.914486284457914778e+01,-2.483610990531641249e+00,7.667628263372505693e-02,-3.037586717608760020e-02,5.449370882521080262e+00,4.939196235150254410e-01,1.000000000000000000e+00,7.871033567028888900e-01,3.204194933806974177e+00
-6.687664415446388233e+00,-2.847528087209746062e+01,2.914482977287449117e+01,-2.477783901869352157e+00,7.720443169392254834e-02,-3.148060305823369848e-02,5.449464913397880750e+00,4.939167070894225908e-01,1.000000000000000000e+00,7.871033567028888900e-01,3.204194933806974177e+00
-6.682042421454323922e+00,-2.847607658215068938e+01,2.914479655041647277e+01,-2.472129152234741944e+00,7.771694878999590994e-02,-3.255270336258830888e-02,5.449555955382086481e+00,4.939138576756514909e-01,1.000000000000000000e+00,7.871033567028888900e-01,3.204194933806974177e+00
-6.676248926706147557e+00,-2.847689539068586129e+01,2.914476115222375441e+01,-2.466302072293144576e+00,7.824507295778637683e-02,-3.365751494681329392e-02,5.449649557670077193e+00,4.939109015946592240e-01,1.000000000000000000e+00,7.871033567028888900e-01,3.204194933806974177e+00
-6.670455265491619379e+00,-2.847771303023512246e+01,2.914472457332961852e+01,-2.460474997132602759e+00,7.877318446036485344e-02,-3.476236488845923372e-02,5.449742942424324887e+00,4.939079253869325670e-01,1.000000000000000000e+00,7.871033567028888900e-01,3.204194933806974177e+00
-6.664832791647837595e+00,-2.847850537059819942e+01,2.914468794741063107e+01,-2.454820261279857085e+00,7.928566504799938741e-02,-3.583457576095180896e-02,5.449833357351097973e+00,4.939050179563307386e-01,1.000000000000000000e+00,7.871033567028888900e-01,3.204194933806974177e+00
-6.659038803119837979e+00,-2.847932070664995763e+01,2.914464904203708429e+01,-2.448993196240064840e+00,7.981375153128134059e-02,-3.693950116134922523e-02,5.449926313426258773e+00,4.939020020875476980e-01,1.000000000000000000e+00,7.871033567028888900e-01,3.204194933806974177e+00
-6.653416012091074805e+00,-2.848011081157785895e+01,2.914461015844678471e+01,-2.443338470659577766e+00,8.032620779870203176e-02,-3.801178518253699179e-02,5.450016312322999212e+00,4.938990561670351664e-01,1.000000000000000000e+00,7.871033567028888900e-01,3.204194933806974177e+00
-6.647621697172748867e+00,-2.848092384400221277e+01,2.914456892660002296e+01,-2.437511416668947994e+00,8.085426917854843243e-02,-3.911678588027491660e-02,5.450108839659254301e+00,4.938960006334426889e-01,1.000000000000000000e+00,7.871033567028888900e-01,3.204194933806974177e+00
-6.641998589854972934e+00,-2.848171171336903740e+01,2.914452778534461430e+01,-2.431856702261775638e+00,8.136670104409760018e-02,-4.018914289348016200e-02,5.450198422467942727e+00,4.938930162193805873e-01,1.000000000000000000e+00,7.871033567028888900e-01,3.204194933806974177e+00
-6.636203949470433017e+00,-2.848252244203631278e+01,2.914448422703121011e+01,-2.426029660249644060e+00,8.189473723628970525e-02,-4.129421872692696366e-02,5.450290521005515920e+00,4.938899210172317811e-01,1.000000000000000000e+00,7.871033567028888900e-01,3.204194933806974177e+00
-6.630409144263098575e+00,-2.848333200148672617e+01,2.914443948802776063e+01,-2.420202624671460079e+00,8.242276061347764138e-02,-4.239933263038473538e-02,5.450382401902918339e+00,4.938868056816735352e-01,1.000000000000000000e+00,7.871033567028888900e-01,3.204194933806974177e+00
-6.624785561832051251e+00,-2.848411650049756716e+01,2.914439494334414960e+01,-2.414547928811510147e+00,8.293515553873043178e-02,-4.347179938309853053e-02,5.450471357347370649e+00,4.938837632315388193e-01,1.000000000000000000e+00,7.871033567028888900e-01,3.204194933806974177e+00
-6.618990432550789116e+00,-2.848492375599625248e+01,2.914434787788466252e+01,-2.408720906611875101e+00,8.346315360139566764e-02,-4.457698817869226032e-02,5.450562809356098271e+00,4.938806082217854776e-01,1.000000000000000000e+00,7.871033567028888900e-01,3.204194933806974177e+00
-6.613366536077833757e+00,-2.848570601913185385e+01,2.914430107555305582e+01,-2.403066224184877697e+00,8.397552392001494947e-02,-4.564952753030739052e-02,5.450651348567233434e+00,4.938775272689987506e-01,1.000000000000000000e+00,7.871033567028888900e-01,3.204194933806974177e+00
-6.607571083645970234e+00,-2.848651097055019576e+01,2.914425168364504160e+01,-2.397239216292197383e+00,8.450349658403255582e-02,-4.675479105646293543e-02,5.450742371627657512e+00,4.938743325813161889e-01,1.000000000000000000e+00,7.871033567028888900e-01,3.204194933806974177e+00
-6.601946874027958323e+00,-2.848729099768581108e+01,2.914420262367290348e+01,-2.391584548199912952e+00,8.501584221430980026e-02,-4.782740285000827707e-02,5.450830494547627580e+00,4.938712131222571244e-01,1.000000000000000000e+00,7.871033567028888900e-01,3.204194933806974177e+00
-6.596151099368927184e+00,-2.848809364489555307e+01,2.914415090532423136e+01,-2.385757555542649122e+00,8.554378939555418171e-02,-4.893274094509587196e-02,5.450921088600177100e+00,4.938679787529167142e-01,1.000000000000000000e+00,7.871033567028888900e-01,3.204194933806974177e+00
-6.590355161531841865e+00,-2.848889512265965251e+01,2.914409800629919189e+01,-2.379930570973079362e+00,8.607172361194848076e-02,-5.003811682232997549e-02,5.451011464906447834e+00,4.938647242435255102e-01,1.000000000000000000e+00,7.871033567028888900e-01,3.204194933806974177e+00
-6.584730481539986968e+00,-2.848967177878003909e+01,2.914404554293829008e+01,-2.374275926193389452e+00,8.658403187013907765e-02,-5.111083752590909329e-02,5.451098960156342876e+00,4.938615467292487571e-01,1.000000000000000000e+00,7.871033567028888900e-01,3.204194933806974177e+00
-6.578934222868543458e+00,-2.849047095214279324e+01,2.914399031748516222e+01,-2.368448958259527615e+00,8.711194047688985975e-02,-5.221628772820785525e-02,5.451188907365022374e+00,4.938582525325892481e-01,1.000000000000000000e+00,7.871033567028888900e-01,3.204194933806974177e+00
-6.573309231978976541e+00,-2.849124537195219276e+01,2.914393559650401144e+01,-2.362794330073967330e+00,8.762422384202939174e-02,-5.328908048024355582e-02,5.451275986178949928e+00,4.938550365029834022e-01,1.000000000000000000e+00,7.871033567028888900e-01,3.204194933806974177e+00
-6.567512653396989641e+00,-2.849204224078622616e+01,2.914387804463159526e+01,-2.356967379704522969e+00,8.815210675499796089e-02,-5.439460484581271765e-02,5.451365504230595960e+00,4.938517026153406153e-01,1.000000000000000000e+00,7.871033567028888900e-01,3.204194933806974177e+00
-6.561715912812259965e+00,-2.849283794001256354e+01,2.914381931209400278e+01,-2.351140438604308436e+00,8.867997659607229632e-02,-5.550016678769129075e-02,5.451454804460324155e+00,4.938483485829192055e-01,1.000000000000000000e+00,7.871033567028888900e-01,3.204194933806974177e+00
-6.556090454937759660e+00,-2.849360898833948852e+01,2.914376118775638957e+01,-2.345485837138208574e+00,8.919222228047185563e-02,-5.657306785623286705e-02,5.451541255386125329e+00,4.938450744844680718e-01,1.000000000000000000e+00,7.871033567028888900e-01,3.204194933806974177e+00
-6.550293395835285359e+00,-2.849440238284577731e+01,2.914370012881347805e+01,-2.339658915002488015e+00,8.972006630092776991e-02,-5.767870371737814084e-02,5.451630126369312102e+00,4.938416807554731891e-01,1.000000000000000000e+00,7.871033567028888900e-01,3.204194933806974177e+00
-6.544667629311591739e+00,-2.849517119455283876e+01,2.914363974687816849e+01,-2.334004332390784420e+00,9.023228688751361304e-02,-5.875167644045477949e-02,5.451716160714662252e+00,4.938383681326696806e-01,1.000000000000000000e+00,7.871033567028888900e-01,3.204194933806974177e+00
-6.538870252615009981e+00,-2.849596228421266986e+01,2.914357636153966880e+01,-2.328177430147951199e+00,9.076010500325049080e-02,-5.985738605901395892e-02,5.451804602392007482e+00,4.938349347033997305e-01,1.000000000000000000e+00,7.871033567028888900e-01,3.204194933806974177e+00
-6.533244178338557973e+00,-2.849672885917736309e+01,2.914351372201628720e+01,-2.322522867291668014e+00,9.127230041040312880e-02,-6.093043027951966506e-02,5.451890220099382844e+00,4.938315835526544961e-01,1.000000000000000000e+00,7.871033567028888900e-01,3.204194933806974177e+00
-6.527446484972368346e+00,-2.849751764386457964e+01,2.914344801029231036e+01,-2.316695985870932617e+00,9.180009253725052165e-02,-6.203621349343863001e-02,5.451978232411624603e+00,4.938281104194134907e-01,1.000000000000000000e+00,7.871033567028888900e-01,3.204194933806974177e+00
-6.521648631247911609e+00,-2.849830525871936970e+01,2.914338111792080710e+01,-2.310869115372327087e+00,9.232787144247589506e-02,-6.314203399546020057e-02,5.452066026796427600e+00,4.938246171348093516e-01,1.000000000000000000e+00,7.871033567028888900e-01,3.204194933806974177e+00
-6.516022094727534686e+00,-2.849906846155368356e+01,2.914331507509183794e+01,-2.305214584000797373e+00,9.284002873722418947e-02,-6.421518570156443950e-02,5.452151016311499454e+00,4.938212078962389562e-01,1.000000000000000000e+00,7.871033567028888900e-01,3.204194933806974177e+00
-6.510223925726537075e+00,-2.849985377124647812e+01,2.914324585635079146e+01,-2.299387735724347515e+00,9.336778152674585218e-02,-6.532107955469709792e-02,5.452238381241976128e+00,4.938176749021020995e-01,1.000000000000000000e+00,7.871033567028888900e-01,3.204194933806974177e+00
-6.504597083701693094e+00,-2.850061473703276604e+01,2.914317755595945769e+01,-2.293733226367817402e+00,9.387991343739332528e-02,-6.639430236403916219e-02,5.452322953975060393e+00,4.938142271266122707e-01,1.000000000000000000e+00,7.871033567028888900e-01,3.204194933806974177e+00
-6.498798600347971188e+00,-2.850139774143844207e+01,2.914310601085989205e+01,-2.287906401241908583e+00,9.440764002712498382e-02,-6.750026940626736860e-02,5.452409889392099807e+00,4.938106544192597536e-01,1.000000000000000000e+00,7.871033567028888900e-01,3.204194933806974177e+00
-6.492999957812291001e+00,-2.850217957585237016e+01,2.914303328512684033e+01,-2.282079588220257804e+00,9.493535328816604668e-02,-6.860627353029004338e-02,5.452496606806465529e+00,4.938070615558577958e-01,1.000000000000000000e+00,7.871033567028888900e-01,3.204194933806974177e+00
-6.487372656933392712e+00,-2.850293716904915087e+01,2.914296158147039151e+01,-2.276425113755118801e+00,9.544744677786132225e-02,-6.967960323070961082e-02,5.452580551130387754e+00,4.938035556790338343e-01,1.000000000000000000e+00,7.871033567028888900e-01,3.204194933806974177e+00
-6.481573701438192892e+00,-2.850371669798796859e+01,2.914288652939615076e+01,-2.270598325284002961e+00,9.597513371231847223e-02,-7.078568029941360862e-02,5.452666838942297645e+00,4.937999230968748154e-01,1.000000000000000000e+00,7.871033567028888900e-01,3.204194933806974177e+00
-6.475946097304237092e+00,-2.850447205383320792e+01,2.914281256820532562e+01,-2.264943875094233228e+00,9.648720161319723765e-02,-7.185908070844188034e-02,5.452750366340533894e+00,4.937963786741868533e-01,1.000000000000000000e+00,7.871033567028888900e-01,3.204194933806974177e+00
-6.470146829773507413e+00,-2.850524927717270529e+01,2.914273518980185074e+01,-2.259117112102078551e+00,9.701486213699017647e-02,-7.296523055968598404e-02,5.452836224491012018e+00,4.937927063696014862e-01,1.000000000000000000e+00,7.871033567028888900e-01,3.204194933806974177e+00
-6.464347404237238415e+00,-2.850602533036232344e+01,2.914265663078013802e+01,-2.253290362396245250e+00,9.754250922504248411e-02,-7.407141728627880672e-02,5.452921864563752941e+00,4.937890139042977466e-01,1.000000000000000000e+00,7.871033567028888900e-01,3.204194933806974177e+00
-6.458719344639663795e+00,-2.850677731316228858e+01,2.914257926636807028e+01,-2.247635950504574431e+00,9.805453839644973080e-02,-7.514492399141724233e-02,5.453004763336467775e+00,4.937854113668162515e-01,1.000000000000000000e+00,7.871033567028888900e-01,3.204194933806974177e+00
-6.452919608461207268e+00,-2.850755106056599075e+01,2.914249838103584622e+01,-2.241809227677630467e+00,9.858215894706456872e-02,-7.625118325597068925e-02,5.453089973658965306e+00,4.937816791735650801e-01,1.000000000000000000e+00,7.871033567028888900e-01,3.204194933806974177e+00
-6.447291247857479313e+00,-2.850830080571324743e+01,2.914241875911963930e+01,-2.236154842320861924e+00,9.909416232503853728e-02,-7.732476027496201776e-02,5.453172455362642168e+00,4.937780380813076575e-01,1.000000000000000000e+00,7.871033567028888900e-01,3.204194933806974177e+00
-6.441491201961813573e+00,-2.850907224720763367e+01,2.914233554748982158e+01,-2.230328147302087949e+00,9.962175625406777257e-02,-7.843109191505384659e-02,5.453257235876040276e+00,4.937742661564538116e-01,1.000000000000000000e+00,7.871033567028888900e-01,3.204194933806974177e+00
-6.435690999236375553e+00,-2.850984251839527772e+01,2.914225115525814758e+01,-2.224501466750874457e+00,1.001493366403928276e-01,-7.953746022405494553e-02,5.453341798236825966e+00,4.937704740662289260e-01,1.000000000000000000e+00,7.871033567028888900e-01,3.204194933806974177e+00
-6.430062186559815984e+00,-2.851058889004489671e+01,2.914216813016799179e+01,-2.218847123098770524e+00,1.006613009804246950e-01,-8.061114294378360356e-02,5.453423651099120306e+00,4.937667748457683081e-01,1.000000000000000000e+00,7.871033567028888900e-01,3.204194933806974177e+00
-6.424261675510749114e+00,-2.851135685513800766e+01,2.914208141165885380e+01,-2.213020471755689833e+00,1.011888546184019910e-01,-8.171758338355952778e-02,5.453507783562199229e+00,4.937629430184402590e-01,1.000000000000000000e+00,7.871033567028888900e-01,3.204194933806974177e+00
-6.418632564077439540e+00,-2.851210098883596444e+01,2.914199612909705550e+01,-2.207366156898193488e+00,1.017007929603918059e-01,-8.279133602206301124e-02,5.453589219212431338e+00,4.937592052343246496e-01,1.000000000000000000e+00,7.871033567028888900e-01,3.204194933806974177e+00
-6.412831745628678526e+00,-2.851286664771222590e+01,2.914190708432426646e+01,-2.201539535691344973e+00,1.022283197659901166e-01,-8.389784843029823858e-02,5.453672921719104671e+00,4.937553336662510173e-01,1.000000000000000000e+00,7.871033567028888900e-01,3.204194933806974177e+00
-6.407030771527183255e+00,-2.851363113612590894e+01,2.914181685896722129e+01,-2.195712930134399166e+00,1.027558329218333233e-01,-8.500439730064315857e-02,5.453756405998445800e+00,4.937514419281721079e-01,1.000000000000000000e+00,7.871033567028888900e-01,3.204194933806974177e+00
-6.401401211412386161e+00,-2.851437189587722898e+01,2.914172817328218201e+01,-2.190058660388194411e+00,1.032677319174399866e-01,-8.607825504406600714e-02,5.453837212591931660e+00,4.937476460024933789e-01,1.000000000000000000e+00,7.871033567028888900e-01,3.204194933806974177e+00
-6.395599931304913000e+00,-2.851513407789024157e+01,2.914163562168301880e+01,-2.184232086367375203e+00,1.037952181141628127e-01,-8.718487563794115325e-02,5.453920266826462360e+00,4.937437145181883813e-01,1.000000000000000000e+00,7.871033567028888900e-01,3.204194933806974177e+00
-6.389970074683121837e+00,-2.851587259939317676e+01,2.914154467856109321e+01,-2.178577847675507329e+00,1.043070909071396324e-01,-8.825880290476960377e-02,5.454000656065192132e+00,4.937398800200087923e-01,1.000000000000000000e+00,7.871033567028888900e-01,3.204194933806974177e+00
-6.384168489494893350e+00,-2.851663247488396280e+01,2.914144980073457702e+01,-2.172751306120072279e+00,1.048345500606155944e-01,-8.936549505952075256e-02,5.454083280196335259e+00,4.937359087858500528e-01,1.000000000000000000e+00,7.871033567028888900e-01,3.204194933806974177e+00
-6.378366749830057358e+00,-2.851739117975764870e+01,2.914135374234256659e+01,-2.166924781395794142e+00,1.053619954573961071e-01,-9.047222346963833262e-02,5.454165686025615578e+00,4.937319173770681191e-01,1.000000000000000000e+00,7.871033567028888900e-01,3.204194933806974177e+00
-6.372736447918472713e+00,-2.851812632686834093e+01,2.914125939615150784e+01,-2.161270591221699178e+00,1.058738285955971303e-01,-9.154625524516216140e-02,5.454245445992738972e+00,4.937280247240151132e-01,1.000000000000000000e+00,7.871033567028888900e-01,3.204194933806974177e+00
-6.366934404566783279e+00,-2.851888272503737909e+01,2.914116101155508076e+01,-2.155444100362680970e+00,1.064012468224055930e-01,-9.265305497105182087e-02,5.454327421630436490e+00,4.937239935599196938e-01,1.000000000000000000e+00,7.871033567028888900e-01,3.204194933806974177e+00
-6.361303808398054649e+00,-2.851961563360523400e+01,2.914106440796415498e+01,-2.149789943502420364e+00,1.069130535534340565e-01,-9.372715587436915297e-02,5.454406764100445670e+00,4.937200623255530441e-01,1.000000000000000000e+00,7.871033567028888900e-01,3.204194933806974177e+00
-6.355501462283992709e+00,-2.852036972494909861e+01,2.914096369717899293e+01,-2.143963487437038573e+00,1.074404445262330254e-01,-9.483402675342574029e-02,5.454488309488122688e+00,4.937159914025286422e-01,1.000000000000000000e+00,7.871033567028888900e-01,3.204194933806974177e+00
-6.349698962870368391e+00,-2.852112264552240717e+01,2.914086180584828512e+01,-2.138137049384820187e+00,1.079678216353404663e-01,-9.594093368081196838e-02,5.454569636499570606e+00,4.937119003002812256e-01,1.000000000000000000e+00,7.871033567028888900e-01,3.204194933806974177e+00
-6.344067924804082992e+00,-2.852185217925578797e+01,2.914076179924575527e+01,-2.132482944448861772e+00,1.084795884032316859e-01,-9.701513849615635288e-02,5.454648349483615988e+00,4.937079108977809883e-01,1.000000000000000000e+00,7.871033567028888900e-01,3.204194933806974177e+00
-6.338265124022219865e+00,-2.852260279282288025e+01,2.914065758175064502e+01,-2.126656542590186660e+00,1.090069381316164376e-01,-9.812211633142177425e-02,5.454729246157057787e+00,4.937037800311657731e-01,1.000000000000000000e+00,7.871033567028888900e-01,3.204194933806974177e+00
-6.332633793949598910e+00,-2.852333008772113487e+01,2.914055531778754826e+01,-2.121002473228188911e+00,1.095186782877584086e-01,-9.919638987853859891e-02,5.454807541501952350e+00,4.936997520385722482e-01,1.000000000000000000e+00,7.871033567028888900e-01,3.204194933806974177e+00
-6.326830692724098704e+00,-2.852407839416241231e+01,2.914044877414465162e+01,-2.115176108491417573e+00,1.100460005513940187e-01,-1.003034384589624184e-01,5.454888007779092440e+00,4.936955814039877266e-01,1.000000000000000000e+00,7.871033567028888900e-01,3.204194933806974177e+00
-6.321027439376236678e+00,-2.852482552968086438e+01,2.914034104997735497e+01,-2.109349762949797480e+00,1.105733088443562329e-01,-1.014105228805317199e-01,5.454968255605809446e+00,4.936913905855975226e-01,1.000000000000000000e+00,7.871033567028888900e-01,3.204194933806974177e+00
-6.315395670798689132e+00,-2.852554944930578529e+01,2.914023538306357253e+01,-2.103695748918532615e+00,1.110850087290435884e-01,-1.024848997425921587e-01,5.455045921250876617e+00,4.936873044116595888e-01,1.000000000000000000e+00,7.871033567028888900e-01,3.204194933806974177e+00
-6.309592118401505800e+00,-2.852629427751876889e+01,2.914012533277422534e+01,-2.097869441898701837e+00,1.116122894305598967e-01,-1.035920546638570000e-01,5.455125738593510576e+00,4.936830738198814683e-01,1.000000000000000000e+00,7.871033567028888900e-01,3.204194933806974177e+00
-6.303788414589607925e+00,-2.852703793471796345e+01,2.914001410197376174e+01,-2.092043154784464676e+00,1.121395560971059080e-01,-1.046992453016677288e-01,5.455205337441200619e+00,4.936788230415506407e-01,1.000000000000000000e+00,7.871033567028888900e-01,3.204194933806974177e+00
-6.298156209546936779e+00,-2.852775847880735327e+01,2.913990503214756700e+01,-2.086389198131791467e+00,1.126512155250033453e-01,-1.057737251195123712e-01,5.455282373258118156e+00,4.936746786783506313e-01,1.000000000000000000e+00,7.871033567028888900e-01,3.204194933806974177e+00
-6.292352208080141729e+00,-2.852849982852226063e+01,2.913979147525163427e+01,-2.080562950939214950e+00,1.131784544734166786e-01,-1.068809860114510318e-01,5.455361541534063718e+00,4.936703881212255451e-01,1.000000000000000000e+00,7.871033567028888900e-01,3.204194933806974177e+00
-6.286719714634790179e+00,-2.852921813331330725e+01,2.913968014813249141e+01,-2.074909033478392395e+00,1.136900869621385590e-01,-1.079555339265538400e-01,5.455438159485114014e+00,4.936662051539435492e-01,1.000000000000000000e+00,7.871033567028888900e-01,3.204194933806974177e+00
-6.280915416438654475e+00,-2.852995717542570375e+01,2.913956426515919418e+01,-2.069082827136579539e+00,1.142172981083410255e-01,-1.090628649095688740e-01,5.455516897131230003e+00,4.936618748144452340e-01,1.000000000000000000e+00,7.871033567028888900e-01,3.204194933806974177e+00
-6.275110968004738332e+00,-2.853069504637397813e+01,2.913944720169780567e+01,-2.063256641881805464e+00,1.147444951126600499e-01,-1.101702314018068313e-01,5.455595416208498527e+00,4.936575242838390221e-01,1.000000000000000000e+00,7.871033567028888900e-01,3.204194933806974177e+00
-6.269478041487392517e+00,-2.853140997519609101e+01,2.913933247173264363e+01,-2.057602785205707718e+00,1.152560868363580182e-01,-1.112448816749699032e-01,5.455671404118347390e+00,4.936532831141643429e-01,1.000000000000000000e+00,7.871033567028888900e-01,3.204194933806974177e+00
-6.263673297718484356e+00,-2.853214553836446044e+01,2.913921308222187179e+01,-2.051776642201289746e+00,1.157832559118191496e-01,-1.123523180125906989e-01,5.455749492478335405e+00,4.936488927957989326e-01,1.000000000000000000e+00,7.871033567028888900e-01,3.204194933806974177e+00
-6.258040085049713319e+00,-2.853285822760181389e+01,2.913909609500893438e+01,-2.046122826976762177e+00,1.162948204918627937e-01,-1.134270359863176342e-01,5.455825062381153501e+00,4.936446130133488319e-01,1.000000000000000000e+00,7.871033567028888900e-01,3.204194933806974177e+00
-6.252235046870724844e+00,-2.853359148287307434e+01,2.913897437946780045e+01,-2.040296727151020839e+00,1.168219615544685563e-01,-1.145345420063002273e-01,5.455902719965926018e+00,4.936401829036584643e-01,1.000000000000000000e+00,7.871033567028888900e-01,3.204194933806974177e+00
-6.246429859631547288e+00,-2.853432356683100224e+01,2.913885148346280118e+01,-2.034470649594250169e+00,1.173490883682455355e-01,-1.156420833279389743e-01,5.455980158908111832e+00,4.936357325983228295e-01,1.000000000000000000e+00,7.871033567028888900e-01,3.204194933806974177e+00
-6.240796217284855452e+00,-2.853503287966932334e+01,2.913873109347364476e+01,-2.028816898561035309e+00,1.178606118750258336e-01,-1.167169030614806646e-01,5.456055098557178518e+00,4.936313946004001751e-01,1.000000000000000000e+00,7.871033567028888900e-01,3.204194933806974177e+00
-6.234990737030327246e+00,-2.853576265555410885e+01,2.913860587146767145e+01,-2.022990865582710462e+00,1.183877105492987525e-01,-1.178245138195748026e-01,5.456132106636904844e+00,4.936269044983743193e-01,1.000000000000000000e+00,7.871033567028888900e-01,3.204194933806974177e+00
-6.229185108423547668e+00,-2.853649126003642067e+01,2.913847946901295671e+01,-2.017164855583820859e+00,1.189147949104636393e-01,-1.189321597544849701e-01,5.456208896029795419e+00,4.936223941979834828e-01,1.000000000000000000e+00,7.871033567028888900e-01,3.204194933806974177e+00
-6.223551038439414818e+00,-2.853719719621880913e+01,2.913835567629119438e+01,-2.011511170789682446e+00,1.194262771587092375e-01,-1.200070808880192713e-01,5.456283205297570049e+00,4.936179979767484349e-01,1.000000000000000000e+00,7.871033567028888900e-01,3.204194933806974177e+00
-6.217745118212220312e+00,-2.853792349245277649e+01,2.913822694786573209e+01,-2.005685206769091344e+00,1.199533332537225938e-01,-1.211147960133544949e-01,5.456359563740882379e+00,4.936134478743148812e-01,1.000000000000000000e+00,7.871033567028888900e-01,3.204194933806974177e+00
-6.212110765681569724e+00,-2.853862718859652148e+01,2.913810089797323144e+01,-2.000031567044297631e+00,1.204647880309952512e-01,-1.221897842117565802e-01,5.456433454776298930e+00,4.936090130264540465e-01,1.000000000000000000e+00,7.871033567028888900e-01,3.204194933806974177e+00
-6.206304554759823233e+00,-2.853935117646632236e+01,2.913796984359755271e+01,-1.994205649931066304e+00,1.209918157758081980e-01,-1.232975683641639869e-01,5.456509382212303194e+00,4.936044231184341657e-01,1.000000000000000000e+00,7.871033567028888900e-01,3.204194933806974177e+00
-6.200498196662792338e+00,-2.854007399278641444e+01,2.913783760879923079e+01,-1.988379756978301494e+00,1.215188291006690235e-01,-1.244053874857509040e-01,5.456585090888027345e+00,4.935998130075390233e-01,1.000000000000000000e+00,7.871033567028888900e-01,3.204194933806974177e+00
-6.194863419889104605e+00,-2.854077431184959934e+01,2.913770815624937782e+01,-1.982726186898704057e+00,1.220302423112660239e-01,-1.254804764852898435e-01,5.456658351330415435e+00,4.935953199233662492e-01,1.000000000000000000e+00,7.871033567028888900e-01,3.204194933806974177e+00
-6.189056772492635083e+00,-2.854149481963170842e+01,2.913757359553246928e+01,-1.976900342253125054e+00,1.225572271592957341e-01,-1.265883643877447895e-01,5.456733628911921485e+00,4.935906700015530446e-01,1.000000000000000000e+00,7.871033567028888900e-01,3.204194933806974177e+00
-6.183249978628907684e+00,-2.854221415577611154e+01,2.913743785440918543e+01,-1.971074522478399871e+00,1.230841975231127261e-01,-1.276962871344075601e-01,5.456808687689068904e+00,4.935859998741616850e-01,1.000000000000000000e+00,7.871033567028888900e-01,3.204194933806974177e+00
-6.177614779653175070e+00,-2.854291109750506905e+01,2.913730499924887596e+01,-1.965421024091800639e+00,1.235955689817934688e-01,-1.287714765748337320e-01,5.456881317411372834e+00,4.935814485458855927e-01,1.000000000000000000e+00,7.871033567028888900e-01,3.204194933806974177e+00
-6.171807697885174804e+00,-2.854362812493851465e+01,2.913716693223947019e+01,-1.959595254024019795e+00,1.241225107421638496e-01,-1.298794678560651339e-01,5.456955945007515574e+00,4.935767386022566483e-01,1.000000000000000000e+00,7.871033567028888900e-01,3.204194933806974177e+00
-6.166172219968403034e+00,-2.854432282618072847e+01,2.913703181999125391e+01,-1.953941804324268006e+00,1.246338544026378559e-01,-1.309547237249721052e-01,5.457028156273000974e+00,4.935721486335895580e-01,1.000000000000000000e+00,7.871033567028888900e-01,3.204194933806974177e+00
-6.160364851221364901e+00,-2.854503754478897548e+01,2.913689142711774238e+01,-1.948116084891642785e+00,1.251607674756046729e-01,-1.320627833773905524e-01,5.457102352630638364e+00,4.935673988702005133e-01,1.000000000000000000e+00,7.871033567028888900e-01,3.204194933806974177e+00
-6.154557337185186050e+00,-2.854575109161404711e+01,2.913674985386585092e+01,-1.942290391511782843e+00,1.256876659574548416e-01,-1.331708776659699112e-01,5.457176330110745432e+00,4.935626288967518982e-01,1.000000000000000000e+00,7.871033567028888900e-01,3.204194933806974177e+00
-6.148921440461504240e+00,-2.854644241510281333e+01,2.913661133908789225e+01,-1.936637016911089582e+00,1.261989675579338055e-01,-1.342462333762210192e-01,5.457247910445220285e+00,4.935579806710624351e-01,1.000000000000000000e+00,7.871033567028888900e-01,3.204194933806974177e+00
-6.143113640841576739e+00,-2.854715365293111518e+01,2.913646744000577016e+01,-1.930811375566062082e+00,1.267258372257866750e-01,-1.353543957895239624e-01,5.457321456600246812e+00,4.935531708725552358e-01,1.000000000000000000e+00,7.871033567028888900e-01,3.204194933806974177e+00
-6.137305696640727781e+00,-2.854786371888936714e+01,2.913632236056267644e+01,-1.924985760984212035e+00,1.272526922382718473e-01,-1.364625927138654882e-01,5.457394783833832363e+00,4.935483408613021705e-01,1.000000000000000000e+00,7.871033567028888900e-01,3.204194933806974177e+00
-6.131669383151736596e+00,-2.854855166437426206e+01,2.913618044330515744e+01,-1.919332463530508903e+00,1.277639515935369285e-01,-1.375380479047647042e-01,5.457465733110729467e+00,4.935436343708479168e-01,1.000000000000000000e+00,7.871033567028888900e-01,3.204194933806974177e+00
-6.125861154762377581e+00,-2.854925942116501503e+01,2.913603303806653599e+01,-1.913506902382998476e+00,1.282907776654551579e-01,-1.386463127072910528e-01,5.457538628932786295e+00,4.935387645292496628e-01,1.000000000000000000e+00,7.871033567028888900e-01,3.204194933806974177e+00
-6.120224565939103911e+00,-2.854994512572074328e+01,2.913588886380975396e+01,-1.907853657234085176e+00,1.288020088953003572e-01,-1.397218336894579249e-01,5.457609159529253517e+00,4.935340193847252421e-01,1.000000000000000000e+00,7.871033567028888900e-01,3.204194933806974177e+00
-6.114416054287414859e+00,-2.855065057323114175e+01,2.913573913279910244e+01,-1.902028150449856625e+00,1.293288059426442871e-01,-1.408301662064569970e-01,5.457681623882497668e+00,4.935291097092823764e-01,1.000000000000000000e+00,7.871033567028888900e-01,3.204194933806974177e+00
-6.108607399232594659e+00,-2.855135484872797491e+01,2.913558822145738603e+01,-1.896202671610110357e+00,1.298555882277907525e-01,-1.419385330263192302e-01,5.457753869241412481e+00,4.935241798166395966e-01,1.000000000000000000e+00,7.871033567028888900e-01,3.204194933806974177e+00
-6.102970397039563011e+00,-2.855203717486606863e+01,2.913544064480721829e+01,-1.890549507013871811e+00,1.303667769044341007e-01,-1.430141528889633529e-01,5.457823768570192691e+00,4.935193763945118217e-01,1.000000000000000000e+00,7.871033567028888900e-01,3.204194933806974177e+00
-6.097161460118077692e+00,-2.855273914091318233e+01,2.913528740772958869e+01,-1.884724083937137529e+00,1.308935300384311828e-01,-1.441225871765374755e-01,5.457895582374048260e+00,4.935144066627586978e-01,1.000000000000000000e+00,7.871033567028888900e-01,3.204194933806974177e+00
-6.091352380501718677e+00,-2.855343993486100018e+01,2.913513299033942872e+01,-1.878898689515173359e+00,1.314202683460027332e-01,-1.452310556417311105e-01,5.457967177139843251e+00,4.935094167111371277e-01,1.000000000000000000e+00,7.871033567028888900e-01,3.204194933806974177e+00
-6.085714966980726892e+00,-2.855411888233431128e+01,2.913498201134932586e+01,-1.873245607519261391e+00,1.319314142842846760e-01,-1.463067740237879999e-01,5.458036445074857745e+00,4.935045550037117090e-01,1.000000000000000000e+00,7.871033567028888900e-01,3.204194933806974177e+00
-6.079905606893419190e+00,-2.855481736666389381e+01,2.913482526826021868e+01,-1.867420270259963822e+00,1.324581233141468584e-01,-1.474153097098372944e-01,5.458107608199476601e+00,4.934995252077262751e-01,1.000000000000000000e+00,7.871033567028888900e-01,3.204194933806974177e+00
-6.074096104819543207e+00,-2.855551467880887273e+01,2.913466734487755261e+01,-1.861594962365712647e+00,1.329848174533615479e-01,-1.485238794482087454e-01,5.458178552242356929e+00,4.934944751892091364e-01,1.000000000000000000e+00,7.871033567028888900e-01,3.204194933806974177e+00
-6.068458282012387350e+00,-2.855619024737150013e+01,2.913451296360220155e+01,-1.855941965017597894e+00,1.334959204681519518e-01,-1.495996959884918487e-01,5.458247188657717963e+00,4.934895551888105469e-01,1.000000000000000000e+00,7.871033567028888900e-01,3.204194933806974177e+00
-6.062648500863432766e+00,-2.855688524973055209e+01,2.913435271455838915e+01,-1.850116715685702573e+00,1.340225852031030618e-01,-1.507083327007493201e-01,5.458317700973431386e+00,4.934844653206892917e-01,1.000000000000000000e+00,7.871033567028888900e-01,3.204194933806974177e+00
-6.057010407683517172e+00,-2.855755857676495779e+01,2.913419607641516507e+01,-1.844463775617906975e+00,1.345336596425755760e-01,-1.517842141547753598e-01,5.458385918402221648e+00,4.934795066475454739e-01,1.000000000000000000e+00,7.871033567028888900e-01,3.204194933806974177e+00
-6.051200348385145311e+00,-2.855825126922735535e+01,2.913403350173573969e+01,-1.838638585776493528e+00,1.350602948893508959e-01,-1.528929176770996434e-01,5.458455998933798625e+00,4.934743769263504332e-01,1.000000000000000000e+00,7.871033567028888900e-01,3.204194933806974177e+00
-6.045390148278821485e+00,-2.855894278936415276e+01,2.913386974679526276e+01,-1.832813426481878949e+00,1.355869151386351890e-01,-1.540016550431512199e-01,5.458525860311135069e+00,4.934692269782086638e-01,1.000000000000000000e+00,7.871033567028888900e-01,3.204194933806974177e+00
-6.039751649209503803e+00,-2.855961273708152603e+01,2.913370970646047553e+01,-1.827160574467687759e+00,1.360979463466949202e-01,-1.550776340542431853e-01,5.458593446011276384e+00,4.934642099993644671e-01,1.000000000000000000e+00,7.871033567028888900e-01,3.204194933806974177e+00
-6.033941172349801541e+00,-2.856030194715537007e+01,2.913354362592359337e+01,-1.821335476063207892e+00,1.366245369812669752e-01,-1.561864379832181016e-01,5.458662875518694335e+00,4.934590201929291986e-01,1.000000000000000000e+00,7.871033567028888900e-01,3.204194933806974177e+00
-6.028130555390692535e+00,-2.856098998481943596e+01,2.913337636514577511e+01,-1.815510408915875118e+00,1.371511125541310383e-01,-1.572952756304627220e-01,5.458732085828366998e+00,4.934538101569013180e-01,1.000000000000000000e+00,7.871033567028888900e-01,3.204194933806974177e+00
-6.022491652474262658e+00,-2.856165655297711936e+01,2.913321292267739437e+01,-1.809857647002777625e+00,1.376621003456801606e-01,-1.583713518370076234e-01,5.458799039674461895e+00,4.934487348647297322e-01,1.000000000000000000e+00,7.871033567028888900e-01,3.204194933806974177e+00
-6.016680760157809615e+00,-2.856234228041278200e+01,2.913304333634320642e+01,-1.804032642145107168e+00,1.381886461773157437e-01,-1.594802557999477899e-01,5.458867818028562802e+00,4.934434849652010180e-01,1.000000000000000000e+00,7.871033567028888900e-01,3.204194933806974177e+00
-6.010869728450495941e+00,-2.856302683535490416e+01,2.913287256978861706e+01,-1.798207669254874297e+00,1.387151768830360288e-01,-1.605891933556567452e-01,5.458936377141479390e+00,4.934382148334400808e-01,1.000000000000000000e+00,7.871033567028888900e-01,3.204194933806974177e+00
-6.005230423729338796e+00,-2.856369002371147303e+01,2.913270572524584878e+01,-1.792554999490271861e+00,1.392261210729971443e-01,-1.616653663958990961e-01,5.459002699008312476e+00,4.934330812203323591e-01,1.000000000000000000e+00,7.871033567028888900e-01,3.204194933806974177e+00
-5.999419118060865586e+00,-2.856437226826057696e+01,2.913253263317578501e+01,-1.786730090289254669e+00,1.397526219109789247e-01,-1.627743700199617560e-01,5.459070826080127503e+00,4.934277712198757992e-01,1.000000000000000000e+00,7.871033567028888900e-01,3.204194933806974177e+00
-5.993607673710129369e+00,-2.856505334023280440e+01,2.913235836090627728e+01,-1.780905213765951345e+00,1.402791075588435410e-01,-1.638834071112396928e-01,5.459138733867383131e+00,4.934224409845540116e-01,1.000000000000000000e+00,7.871033567028888900e-01,3.204194933806974177e+00
-5.987967969227184106e+00,-2.856571314854801003e+01,2.913218811434956024e+01,-1.775252638197626354e+00,1.407900079621180467e-01,-1.649596766231938572e-01,5.459204423629923753e+00,4.934172490429202251e-01,1.000000000000000000e+00,7.871033567028888900e-01,3.204194933806974177e+00
-5.982156252311268574e+00,-2.856639190996347466e+01,2.913201151660630117e+01,-1.769427826762766109e+00,1.413164636157725473e-01,-1.660687795354375551e-01,5.459271899290677688e+00,4.934118789337201272e-01,1.000000000000000000e+00,7.871033567028888900e-01,3.204194933806974177e+00
-5.976516283773933402e+00,-2.856704947600356803e+01,2.913183901336483927e+01,-1.763775314808659900e+00,1.418273348711691639e-01,-1.671451128419936538e-01,5.459337169679303159e+00,4.934066482958047173e-01,1.000000000000000000e+00,7.871033567028888900e-01,3.204194933806974177e+00
-5.970704295219727342e+00,-2.856772592675401512e+01,2.913166009017599123e+01,-1.757950569391221407e+00,1.423537604466511564e-01,-1.682542814108861640e-01,5.459404213156963337e+00,4.934012383092960530e-01,1.000000000000000000e+00,7.871033567028888900e-01,3.204194933806974177e+00
-5.964892169161754687e+00,-2.856840120478995004e+01,2.913147998682351059e+01,-1.752125857832647959e+00,1.428801707252616016e-01,-1.693634832380865873e-01,5.459471037278069261e+00,4.933958080835564863e-01,1.000000000000000000e+00,7.871033567028888900e-01,3.204194933806974177e+00
-5.959251804260221164e+00,-2.856905539039186692e+01,2.913130408167134178e+01,-1.746473443480064169e+00,1.433909978862002443e-01,-1.704399124140707211e-01,5.459535675354844741e+00,4.933905191045300231e-01,1.000000000000000000e+00,7.871033567028888900e-01,3.204194933806974177e+00
-5.953439407960355645e+00,-2.856972835760040397e+01,2.913112165291640565e+01,-1.740648799338353925e+00,1.439173779601615744e-01,-1.715491796503108568e-01,5.459602067207667275e+00,4.933850489963205743e-01,1.000000000000000000e+00,7.871033567028888900e-01,3.204194933806974177e+00
-5.947626874865402868e+00,-2.857040015201224037e+01,2.913093804401994547e+01,-1.734824189765700631e+00,1.444437426730692531e-01,-1.726584800191738323e-01,5.459668239660726563e+00,4.933795586462635385e-01,1.000000000000000000e+00,7.871033567028888900e-01,3.204194933806974177e+00
-5.941986115642533761e+00,-2.857105095693903607e+01,2.913075873702076990e+01,-1.729171875061867425e+00,1.449545255545349187e-01,-1.737350047022820643e-01,5.459732245301116116e+00,4.933742113185844991e-01,1.000000000000000000e+00,7.871033567028888900e-01,3.204194933806974177e+00
-5.936173313702286514e+00,-2.857172044036191139e+01,2.913057280276582262e+01,-1.723347334305598721e+00,1.454808599363185406e-01,-1.748443702324518345e-01,5.459797985400830278e+00,4.933686810809093659e-01,1.000000000000000000e+00,7.871033567028888900e-01,3.204194933806974177e+00
-5.930360375675781448e+00,-2.857238875090630614e+01,2.913038568839188258e+01,-1.717522828828668580e+00,1.460071788928620773e-01,-1.759537687694883168e-01,5.459863506057642368e+00,4.933631305987769000e-01,1.000000000000000000e+00,7.871033567028888900e-01,3.204194933806974177e+00
-5.924719224174685550e+00,-2.857303617492226522e+01,2.913020297961065808e+01,-1.711870615820878072e+00,1.465179173098472010e-01,-1.770303885972457358e-01,5.459926879137298350e+00,4.933577249149222466e-01,1.000000000000000000e+00,7.871033567028888900e-01,3.204194933806974177e+00
-5.918906018699478189e+00,-2.857370217431698833e+01,2.913001353992304487e+01,-1.706046180559724235e+00,1.470442058088122783e-01,-1.781398520477712188e-01,5.459991967355824372e+00,4.933521345400351810e-01,1.000000000000000000e+00,7.871033567028888900e-01,3.204194933806974177e+00
-5.913092677846842449e+00,-2.857436700075188085e+01,2.912982292013940011e+01,-1.700221781288129286e+00,1.475704788183613836e-01,-1.792493483793636266e-01,5.460056836088375221e+00,4.933465239180874207e-01,1.000000000000000000e+00,7.871033567028888900e-01,3.204194933806974177e+00
-5.907451136110872802e+00,-2.857501104362248512e+01,2.912963680964229951e+01,-1.694569672023742868e+00,1.480811725858648398e-01,-1.803260629891227373e-01,5.460119576483126735e+00,4.933410598705527672e-01,1.000000000000000000e+00,7.871033567028888900e-01,3.204194933806974177e+00
-5.901637529206275268e+00,-2.857567355874783033e+01,2.912944386459063750e+01,-1.688745344367341694e+00,1.486074150113873005e-01,-1.814356239862733311e-01,5.460184012692582023e+00,4.933354093507269500e-01,1.000000000000000000e+00,7.871033567028888900e-01,3.204194933806974177e+00
-5.895823787633125868e+00,-2.857633490083241767e+01,2.912924973946632790e+01,-1.682921053410703749e+00,1.491336418833236754e-01,-1.825452177386381325e-01,5.460248229373052098e+00,4.933297385812434599e-01,1.000000000000000000e+00,7.871033567028888900e-01,3.204194933806974177e+00
-5.890181857705623081e+00,-2.857697556232440306e+01,2.912906022732076394e+01,-1.677269049936888301e+00,1.496442908163745367e-01,-1.836220267676297035e-01,5.460310336958925426e+00,4.933242161625427946e-01,1.000000000000000000e+00,7.871033567028888900e-01,3.204194933806974177e+00
-5.884367851477301237e+00,-2.857763459294040942e+01,2.912886377697493856e+01,-1.671444831994789659e+00,1.501704869778515139e-01,-1.847316849375274239e-01,5.460374121031615680e+00,4.933185054900701694e-01,1.000000000000000000e+00,7.871033567028888900e-01,3.204194933806974177e+00
-5.878553711289401740e+00,-2.857829245043514632e+01,2.912866614658027586e+01,-1.665620651462693225e+00,1.506966675215731799e-01,-1.858413757367241292e-01,5.460437685532372853e+00,4.933127745653492213e-01,1.000000000000000000e+00,7.871033567028888900e-01,3.204194933806974177e+00
-5.872911395213899155e+00,-2.857892973031646022e+01,2.912847323285489054e+01,-1.659968755826631615e+00,1.512072714352120650e-01,-1.869182788220168923e-01,5.460499160185573686e+00,4.933071937680147956e-01,1.000000000000000000e+00,7.871033567028888900e-01,3.204194933806974177e+00
-5.867096991767811964e+00,-2.857958527618441380e+01,2.912827327728605908e+01,-1.654144649708491066e+00,1.517334211420438006e-01,-1.880280337905982369e-01,5.460562291993992901e+00,4.933014229352065128e-01,1.000000000000000000e+00,7.871033567028888900e-01,3.204194933806974177e+00
-5.861282455071071595e+00,-2.858023964885102686e+01,2.912807214169262693e+01,-1.648320581710482458e+00,1.522595551669657654e-01,-1.891378212625304533e-01,5.460625204187603998e+00,4.932956318475657520e-01,1.000000000000000000e+00,7.871033567028888900e-01,3.204194933806974177e+00
-5.855639754891188709e+00,-2.858087354689084592e+01,2.912787582645729145e+01,-1.642668795959264294e+00,1.527701138762543875e-01,-1.902148180410506983e-01,5.460686045784525433e+00,4.932899926641483579e-01,1.000000000000000000e+00,7.871033567028888900e-01,3.204194933806974177e+00
-5.849824956333288917e+00,-2.858152560777330820e+01,2.912767236573787599e+01,-1.636844803774550883e+00,1.532962169378716544e-01,-1.913246694341247944e-01,5.460748525201369219e+00,4.932841616633345527e-01,1.000000000000000000e+00,7.871033567028888900e-01,3.204194933806974177e+00
-5.844010025234013028e+00,-2.858217649537474969e+01,2.912746772501853698e+01,-1.631020850420387802e+00,1.538223042534029306e-01,-1.924345532044903495e-01,5.460810784960580477e+00,4.932783104051106093e-01,1.000000000000000000e+00,7.871033567028888900e-01,3.204194933806974177e+00
-5.838366942993411079e+00,-2.858280701134350110e+01,2.912726800834435892e+01,-1.625369176600962362e+00,1.543328175734283159e-01,-1.935116433130321945e-01,5.460870993377806570e+00,4.932726128281793021e-01,1.000000000000000000e+00,7.871033567028888900e-01,3.204194933806974177e+00
-5.832551751429844167e+00,-2.858345558700428768e+01,2.912706104254804984e+01,-1.619545300459152237e+00,1.548588737992740993e-01,-1.946215907562417191e-01,5.460932820275952615e+00,4.932667216517090392e-01,1.000000000000000000e+00,7.871033567028888900e-01,3.204194933806974177e+00
-5.826908416878136876e+00,-2.858408385935730678e+01,2.912685906957653614e+01,-1.613893702019226772e+00,1.553693569083749448e-01,-1.956987425745025377e-01,5.460992608606776599e+00,4.932609853354753549e-01,1.000000000000000000e+00,7.871033567028888900e-01,3.204194933806974177e+00
-5.821092965776854200e+00,-2.858473012297410421e+01,2.912664977873623684e+01,-1.608069904017725982e+00,1.558953819607153957e-01,-1.968087535258079279e-01,5.461054002588010547e+00,4.932550542374002922e-01,1.000000000000000000e+00,7.871033567028888900e-01,3.204194933806974177e+00
-5.815277383313911308e+00,-2.858537521317830965e+01,2.912643930793800706e+01,-1.602246146028252660e+00,1.564213911602498897e-01,-1.979187966446402103e-01,5.461115176840538155e+00,4.932491028776419539e-01,1.000000000000000000e+00,7.871033567028888900e-01,3.204194933806974177e+00
-5.809633670101460368e+00,-2.858600010308104444e+01,2.912623393364864555e+01,-1.596594662925176600e+00,1.569318285725173068e-01,-1.989960411883802405e-01,5.461174331786786240e+00,4.932433081555755439e-01,1.000000000000000000e+00,7.871033567028888900e-01,3.204194933806974177e+00
-5.803817829498081338e+00,-2.858664288108612084e+01,2.912602113785685276e+01,-1.590770984475279093e+00,1.574578064721613435e-01,-2.001061475667892942e-01,5.461235073038309906e+00,4.932373168691603915e-01,1.000000000000000000e+00,7.871033567028888900e-01,3.204194933806974177e+00
-5.798001858242191275e+00,-2.858728448560007962e+01,2.912580716213292575e+01,-1.584947346747535235e+00,1.579837684548615062e-01,-2.012162859865741504e-01,5.461295594518483121e+00,4.932313053185011231e-01,1.000000000000000000e+00,7.871033567028888900e-01,3.204194933806974177e+00
-5.792357768413328500e+00,-2.858790599282618672e+01,2.912559838660012090e+01,-1.579295981028451479e+00,1.584941599853992855e-01,-2.022936228921254354e-01,5.461354115957231414e+00,4.932254521832208916e-01,1.000000000000000000e+00,7.871033567028888900e-01,3.204194933806974177e+00
-5.786541540414325446e+00,-2.858854528498672920e+01,2.912538208593390365e+01,-1.573472424239468204e+00,1.590200905418401867e-01,-2.034038243228741272e-01,5.461414204352440294e+00,4.932194007008655623e-01,1.000000000000000000e+00,7.871033567028888900e-01,3.204194933806974177e+00
-5.780725182472058243e+00,-2.858918340357805477e+01,2.912516460536179252e+01,-1.567648908882801173e+00,1.595460051172004068e-01,-2.045140576687859146e-01,5.461474072933721224e+00,4.932133289517118824e-01,1.000000000000000000e+00,7.871033567028888900e-01,3.204194933806974177e+00
-5.775080718071048835e+00,-2.858980152790241647e+01,2.912495242866114964e+01,-1.561997662594611924e+00,1.600563505811464227e-01,-2.055914865723671714e-01,5.461531960742234126e+00,4.932074173958548857e-01,1.000000000000000000e+00,7.871033567028888900e-01,3.204194933806974177e+00
-5.769264104783186298e+00,-2.859043733398685916e+01,2.912473262319885947e+01,-1.556174229575962187e+00,1.605822336038806863e-01,-2.067017826805067071e-01,5.461591396154715561e+00,4.932013057099785547e-01,1.000000000000000000e+00,7.871033567028888900e-01,3.204194933806974177e+00
-5.763447362261254980e+00,-2.859107196642442261e+01,2.912451163785732788e+01,-1.550350838699674938e+00,1.611081005814121170e-01,-2.078121105775632138e-01,5.461650611710755499e+00,4.931951737547559667e-01,1.000000000000000000e+00,7.871033567028888900e-01,3.204194933806974177e+00
-5.757802525332547994e+00,-2.859168670762315756e+01,2.912429606006570992e+01,-1.544699713889286841e+00,1.616183997939173445e-01,-2.088896311152320384e-01,5.461707865766485703e+00,4.931892037709779131e-01,1.000000000000000000e+00,7.871033567028888900e-01,3.204194933806974177e+00
-5.751985528862529229e+00,-2.859231902740122067e+01,2.912407274988695249e+01,-1.538876406750143033e+00,1.621442350924767739e-01,-2.100000215256966341e-01,5.461766648070025099e+00,4.931830318740187957e-01,1.000000000000000000e+00,7.871033567028888900e-01,3.204194933806974177e+00
-5.746168403867783603e+00,-2.859295017345515433e+01,2.912384825985605374e+01,-1.533053142463495888e+00,1.626700542817081097e-01,-2.111104435987589956e-01,5.461825210474667180e+00,4.931768397051718988e-01,1.000000000000000000e+00,7.871033567028888900e-01,3.204194933806974177e+00
-5.740523196455964872e+00,-2.859356153130559619e+01,2.912362928105153514e+01,-1.527402141177770289e+00,1.631803070579397330e-01,-2.121880554064217994e-01,5.461881830655254788e+00,4.931708112861471482e-01,1.000000000000000000e+00,7.871033567028888900e-01,3.204194933806974177e+00
-5.734705818910783570e+00,-2.859419036454824337e+01,2.912340246623719864e+01,-1.521578962027413162e+00,1.637060944418596842e-01,-2.132985397439594033e-01,5.461939959723820515e+00,4.931645791705624449e-01,1.000000000000000000e+00,7.871033567028888900e-01,3.204194933806974177e+00
-5.728888313550211109e+00,-2.859481802398994432e+01,2.912317447159823303e+01,-1.515755826439614928e+00,1.642318656523371612e-01,-2.144090556177341012e-01,5.461997868851111271e+00,4.931583267805553228e-01,1.000000000000000000e+00,7.871033567028888900e-01,3.204194933806974177e+00
-5.723070680612753591e+00,-2.859544450960496675e+01,2.912294529714398550e+01,-1.509932734653112618e+00,1.647576206678164068e-01,-2.155196029852531059e-01,5.462055558022876234e+00,4.931520541152734083e-01,1.000000000000000000e+00,7.871033567028888900e-01,3.204194933806974177e+00
-5.717424981186787214e+00,-2.859605134475011923e+01,2.912272177249237615e+01,-1.504281901673033772e+00,1.652678110863127214e-01,-2.165973362203484354e-01,5.462111330742141391e+00,4.931459475772430046e-01,1.000000000000000000e+00,7.871033567028888900e-01,3.204194933806974177e+00
-5.711607097567516611e+00,-2.859667551735224578e+01,2.912249027332793005e+01,-1.498458896893252401e+00,1.657935341275992291e-01,-2.177079455193849933e-01,5.462168586466311204e+00,4.931396349585585037e-01,1.000000000000000000e+00,7.871033567028888900e-01,3.204194933806974177e+00
-5.705789087080759714e+00,-2.859729851605144191e+01,2.912225759437628625e+01,-1.492635936624811421e+00,1.663192409097806745e-01,-2.188185861857345205e-01,5.462225622192659280e+00,4.931333020620730645e-01,1.000000000000000000e+00,7.871033567028888900e-01,3.204194933806974177e+00
-5.700143021949688915e+00,-2.859790196733279899e+01,2.912203066889903624e+01,-1.486985231952028030e+00,1.668293844601793641e-01,-2.198964098394727562e-01,5.462280760751597519e+00,4.931271370717507097e-01,1.000000000000000000e+00,7.871033567028888900e-01,3.204194933806974177e+00
-5.694324762178932353e+00,-2.859852265286927775e+01,2.912179566529295727e+01,-1.481162360089332886e+00,1.673550591418602185e-01,-2.210071121881743983e-01,5.462337362947072172e+00,4.931207642168907723e-01,1.000000000000000000e+00,7.871033567028888900e-01,3.204194933806974177e+00
-5.688506376250185959e+00,-2.859914216442699342e+01,2.912155948192819110e+01,-1.475339533448056351e+00,1.678807175003303453e-01,-2.221178457776960269e-01,5.462393745102493980e+00,4.931143710817101899e-01,1.000000000000000000e+00,7.871033567028888900e-01,3.204194933806974177e+00
-5.682859947459347083e+00,-2.859974223162594953e+01,2.912132915570751024e+01,-1.469688959129583417e+00,1.683908139978276264e-01,-2.231957594854198923e-01,5.462448249379369791e+00,4.931081476318326384e-01,1.000000000000000000e+00,7.871033567028888900e-01,3.204194933806974177e+00
-5.677041313644351384e+00,-2.860035942987198254e+01,2.912109064774490719e+01,-1.463866222292891095e+00,1.689164401295151774e-01,-2.243065545080542011e-01,5.462504197920772242e+00,4.931017145333187468e-01,1.000000000000000000e+00,7.871033567028888900e-01,3.204194933806974177e+00
-5.671222554381062153e+00,-2.860097545406382835e+01,2.912085096005257157e+01,-1.458043531387834157e+00,1.694420498738780645e-01,-2.254173806449326911e-01,5.462559926379952024e+00,4.930952611519707762e-01,1.000000000000000000e+00,7.871033567028888900e-01,3.204194933806974177e+00
-5.665575763975208012e+00,-2.860157213696308176e+01,2.912061723317186335e+01,-1.452393089469926402e+00,1.699520991337514775e-01,-2.264953840419703102e-01,5.462613796253225296e+00,4.930889792352926571e-01,1.000000000000000000e+00,7.871033567028888900e-01,3.204194933806974177e+00
-5.659756758223712936e+00,-2.860218584769508965e+01,2.912037522093913466e+01,-1.446570489768462586e+00,1.704776765250428650e-01,-2.276062713625799649e-01,5.462669091015365019e+00,4.930824858856653892e-01,1.000000000000000000e+00,7.871033567028888900e-01,3.204194933806974177e+00
-5.653937627733460758e+00,-2.860279838429794097e+01,2.912013202900604014e+01,-1.440747936708629773e+00,1.710032374649204101e-01,-2.287171896708456442e-01,5.462724165653187747e+00,4.930759722506974363e-01,1.000000000000000000e+00,7.871033567028888900e-01,3.204194933806974177e+00
-5.648290477758038719e+00,-2.860339168268134813e+01,2.911989490154997284e+01,-1.435097629238058836e+00,1.715132393024139112e-01,-2.297952823922664034e-01,5.462777401001496003e+00,4.930696318599924188e-01,1.000000000000000000e+00,7.871033567028888900e-01,3.204194933806974177e+00
-5.642471102177714748e+00,-2.860400190567704826e+01,2.911964938513477463e+01,-1.429275168780796079e+00,1.720387677629427459e-01,-2.309062616347780650e-01,5.462832041859387644e+00,4.930630782518117816e-01,1.000000000000000000e+00,7.871033567028888900e-01,3.204194933806974177e+00
-5.636651602568214514e+00,-2.860461095446904523e+01,2.911940268904901430e+01,-1.423452755675140402e+00,1.725642797079746105e-01,-2.320172717383046923e-01,5.462886462550921252e+00,4.930565043557899041e-01,1.000000000000000000e+00,7.871033567028888900e-01,3.204194933806974177e+00
-5.631004095068596449e+00,-2.860520086812171670e+01,2.911916216110346767e+01,-1.417802584698421242e+00,1.730742339383676831e-01,-2.330954534190657346e-01,5.462939063253097416e+00,4.930501054838501429e-01,1.000000000000000000e+00,7.871033567028888900e-01,3.204194933806974177e+00
-5.625184351767196667e+00,-2.860580760316009119e+01,2.911891314059473146e+01,-1.411980265594227291e+00,1.735997132777897800e-01,-2.342065242072600695e-01,5.462993050081940360e+00,4.930434916096950171e-01,1.000000000000000000e+00,7.871033567028888900e-01,3.204194933806974177e+00
-5.619364485146298271e+00,-2.860641316392062450e+01,2.911866294044564896e+01,-1.406157994551656465e+00,1.741251760376328894e-01,-2.353176257297660279e-01,5.463046816702456177e+00,4.930368574452046460e-01,1.000000000000000000e+00,7.871033567028888900e-01,3.204194933806974177e+00
-5.613716622168037240e+00,-2.860699969262889653e+01,2.911841901209774974e+01,-1.400507962115304927e+00,1.746350824762180620e-01,-2.363958960046644853e-01,5.463098782637524131e+00,4.930304000848415580e-01,1.000000000000000000e+00,7.871033567028888900e-01,3.204194933806974177e+00
-5.607896513253600723e+00,-2.860760293949016386e+01,2.911816648758566828e+01,-1.394685786473156774e+00,1.751605125041931776e-01,-2.375070579621367528e-01,5.463152115312715829e+00,4.930237259373103642e-01,1.000000000000000000e+00,7.871033567028888900e-01,3.204194933806974177e+00
-5.602076281729285512e+00,-2.860820501199990318e+01,2.911791278346390044e+01,-1.388863659602520784e+00,1.756859258885226649e-01,-2.386182505271845500e-01,5.463205227737678804e+00,4.930170314969564704e-01,1.000000000000000000e+00,7.871033567028888900e-01,3.204194933806974177e+00
-5.596428065318011846e+00,-2.860878815555133414e+01,2.911766545480199042e+01,-1.383213767752955015e+00,1.761957843506139487e-01,-2.396966090308758346e-01,5.463256558784842731e+00,4.930105156409994027e-01,1.000000000000000000e+00,7.871033567028888900e-01,3.204194933806974177e+00
-5.590607592898557243e+00,-2.860938791401700954e+01,2.911740942637803542e+01,-1.377391737681615602e+00,1.767211648768335919e-01,-2.408078617810956723e-01,5.463309237181977807e+00,4.930037812127097685e-01,1.000000000000000000e+00,7.871033567028888900e-01,3.204194933806974177e+00
-5.584786998578940675e+00,-2.860998649805787863e+01,2.911715221837546608e+01,-1.371569757091718245e+00,1.772465286953423536e-01,-2.419191450120927733e-01,5.463361695287043851e+00,4.929970264891164744e-01,1.000000000000000000e+00,7.871033567028888900e-01,3.204194933806974177e+00
-5.578966282597845883e+00,-2.861058390764939929e+01,2.911689383080482685e+01,-1.365747826221999972e+00,1.777718757845966335e-01,-2.430304586812176981e-01,5.463413933085978336e+00,4.929902514693855209e-01,1.000000000000000000e+00,7.871033567028888900e-01,3.204194933806974177e+00
-5.573317596964294296e+00,-2.861116252609408050e+01,2.911664195724603488e+01,-1.360098125483692577e+00,1.782816698304265368e-01,-2.441089345453234249e-01,5.463464415320568257e+00,4.929836574140026850e-01,1.000000000000000000e+00,7.871033567028888900e-01,3.204194933806974177e+00
-5.567496641957622394e+00,-2.861175762144927148e+01,2.911638124545582684e+01,-1.354276293283279919e+00,1.788069838928251221e-01,-2.452203080655220302e-01,5.463516218981593120e+00,4.929768423998133753e-01,1.000000000000000000e+00,7.871033567028888900e-01,3.204194933806974177e+00
-5.561675565999244064e+00,-2.861235154228241129e+01,2.911611935412920360e+01,-1.348454511512946929e+00,1.793322811619126322e-01,-2.463317118969799158e-01,5.463567802294733156e+00,4.929700070870140505e-01,1.000000000000000000e+00,7.871033567028888900e-01,3.204194933806974177e+00
-5.556026531713223804e+00,-2.861292677507862692e+01,2.911586408046765584e+01,-1.342804956143107020e+00,1.798420267997592470e-01,-2.474102751355846397e-01,5.463617649359912676e+00,4.929633545193557453e-01,1.000000000000000000e+00,7.871033567028888900e-01,3.204194933806974177e+00
-5.550205218127872264e+00,-2.861351838153258953e+01,2.911559986498424024e+01,-1.336983274440874503e+00,1.803672909157767457e-01,-2.485217385680806024e-01,5.463668798452943953e+00,4.929564792072330115e-01,1.000000000000000000e+00,7.871033567028888900e-01,3.204194933806974177e+00
-5.544383784300632279e+00,-2.861410881339222456e+01,2.911533446999648689e+01,-1.331161643878604472e+00,1.808925381744320715e-01,-2.496332321849158709e-01,5.463719727156404637e+00,4.929495835940346238e-01,1.000000000000000000e+00,7.871033567028888900e-01,3.204194933806974177e+00
-5.538734403408658302e+00,-2.861468066033157598e+01,2.911507579632465692e+01,-1.325512235923935300e+00,1.814022352196262844e-01,-2.507118824320839767e-01,5.463768938932011210e+00,4.929428725069936457e-01,1.000000000000000000e+00,7.871033567028888900e-01,3.204194933806974177e+00
-5.532912733352825185e+00,-2.861526877767006738e+01,2.911480807724372255e+01,-1.319690706828212434e+00,1.819274491990375830e-01,-2.518234353998770603e-01,5.463819433333292785e+00,4.929359368896190641e-01,1.000000000000000000e+00,7.871033567028888900e-01,3.204194933806974177e+00
-5.527090943765274211e+00,-2.861585572034233849e+01,2.911453917869096841e+01,-1.313869229582627973e+00,1.824526462570137397e-01,-2.529350184249783973e-01,5.463869707303384615e+00,4.929289809687099622e-01,1.000000000000000000e+00,7.871033567028888900e-01,3.204194933806974177e+00
-5.521441218313168697e+00,-2.861642418121774867e+01,2.911427710510253419e+01,-1.308219971088961486e+00,1.829622945249779198e-01,-2.540137553147800431e-01,5.463918283669455533e+00,4.929222113551970930e-01,1.000000000000000000e+00,7.871033567028888900e-01,3.204194933806974177e+00
-5.515619193895846983e+00,-2.861700880922770196e+01,2.911400588252105948e+01,-1.302398596708691514e+00,1.834874581775156610e-01,-2.551253974405882086e-01,5.463968123255425802e+00,4.929152154252726126e-01,1.000000000000000000e+00,7.871033567028888900e-01,3.204194933806974177e+00
-5.509797050656663586e+00,-2.861759226250001831e+01,2.911373348050069509e+01,-1.296577274888356612e+00,1.840126048445837603e-01,-2.562370694966890627e-01,5.464017742368652009e+00,4.929081991893607406e-01,1.000000000000000000e+00,7.871033567028888900e-01,3.204194933806974177e+00
-5.503974788834361753e+00,-2.861817454101076308e+01,2.911345989905260012e+01,-1.290756005866666278e+00,1.845377345046479989e-01,-2.573487714403570048e-01,5.464067140995163108e+00,4.929011626466368590e-01,1.000000000000000000e+00,7.871033567028888900e-01,3.204194933806974177e+00
-5.498324606020685401e+00,-2.861873847557525607e+01,2.911319328110681326e+01,-1.285106950345541676e+00,1.850473172861731852e-01,-2.584276235694286661e-01,5.464114867852697621e+00,4.928943147925515800e-01,1.000000000000000000e+00,7.871033567028888900e-01,3.204194933806974177e+00
-5.492502111238674267e+00,-2.861931843923628449e+01,2.911291737571750105e+01,-1.279285786058963481e+00,1.855724133721229907e-01,-2.595393842791080541e-01,5.464163831985761277e+00,4.928872382343643110e-01,1.000000000000000000e+00,7.871033567028888900e-01,3.204194933806974177e+00
-5.486679498583509229e+00,-2.861989722806488956e+01,2.911264029093397099e+01,-1.273464675280853164e+00,1.860974923870383213e-01,-2.606511747492595843e-01,5.464212575590646104e+00,4.928801413669209319e-01,1.000000000000000000e+00,7.871033567028888900e-01,3.204194933806974177e+00
-5.481028975991618424e+00,-2.862045777608622998e+01,2.911237027329531202e+01,-1.267815774001973317e+00,1.866070259600133285e-01,-2.617301126651244148e-01,5.464259666759052614e+00,4.928732349698722870e-01,1.000000000000000000e+00,7.871033567028888900e-01,3.204194933806974177e+00
-5.475206131775664176e+00,-2.862103424992591272e+01,2.911209086463698981e+01,-1.261994769357555057e+00,1.871320712746571413e-01,-2.628419616508151369e-01,5.464307975788851302e+00,4.928660980821560345e-01,1.000000000000000000e+00,7.871033567028888900e-01,3.204194933806974177e+00
-5.469383170396612037e+00,-2.862160954886272535e+01,2.911181027661837462e+01,-1.256173818931458186e+00,1.876570994542373638e-01,-2.639538402698213271e-01,5.464356064249068723e+00,4.928589408827462326e-01,1.000000000000000000e+00,7.871033567028888900e-01,3.204194933806974177e+00
-5.463732310073100784e+00,-2.862216671013788627e+01,2.911153685938464619e+01,-1.250525073940831788e+00,1.881665836341114839e-01,-2.650328636059791076e-01,5.464402519609017794e+00,4.928519759357081198e-01,1.000000000000000000e+00,7.871033567028888900e-01,3.204194933806974177e+00
-5.457909118532365156e+00,-2.862273969394741258e+01,2.911125394755852369e+01,-1.244704231047068177e+00,1.886915779872664345e-01,-2.661448004899298336e-01,5.464450173412640943e+00,4.928447787112289480e-01,1.000000000000000000e+00,7.871033567028888900e-01,3.204194933806974177e+00
-5.452085810538529920e+00,-2.862331150278406966e+01,2.911096985640646295e+01,-1.238883443081358671e+00,1.892165551413440006e-01,-2.672567668800074903e-01,5.464497606605354996e+00,4.928375611726255046e-01,1.000000000000000000e+00,7.871033567028888900e-01,3.204194933806974177e+00
-5.446262386330386285e+00,-2.862388213662440251e+01,2.911068458594010622e+01,-1.233062710282387897e+00,1.897415150748168466e-01,-2.683687627334261361e-01,5.464544819173257295e+00,4.928303233190802768e-01,1.000000000000000000e+00,7.871033567028888900e-01,3.204194933806974177e+00
-5.440611077773784388e+00,-2.862443477068307729e+01,2.911040662478523799e+01,-1.227414177390163452e+00,1.902509329450948750e-01,-2.694478996741314636e-01,5.464590424492440590e+00,4.928232801001338759e-01,1.000000000000000000e+00,7.871033567028888900e-01,3.204194933806974177e+00
-5.434787425274341111e+00,-2.862500308921246273e+01,2.911011903060261830e+01,-1.221593553993103320e+00,1.907758588835253288e-01,-2.705599534573507325e-01,5.464637202295002716e+00,4.928160022151283348e-01,1.000000000000000000e+00,7.871033567028888900e-01,3.204194933806974177e+00
-5.428963657270746701e+00,-2.862557023267608614e+01,2.910983025714064354e+01,-1.215772986472591910e+00,1.913007675373366023e-01,-2.716720365766335243e-01,5.464683759431512300e+00,4.928087040127592244e-01,1.000000000000000000e+00,7.871033567028888900e-01,3.204194933806974177e+00
-5.423312015765297645e+00,-2.862611947951893754e+01,2.910954889662402678e+01,-1.210124614649322972e+00,1.918101355833417010e-01,-2.727512580806378817e-01,5.464728728664130841e+00,4.928016022274784858e-01,1.000000000000000000e+00,7.871033567028888900e-01,3.204194933806974177e+00
-5.417488020869703824e+00,-2.862668430753520354e+01,2.910925779951503500e+01,-1.204304157929272812e+00,1.923350101159854719e-01,-2.738633988788863882e-01,5.464774850954095875e+00,4.927942639888827081e-01,1.000000000000000000e+00,7.871033567028888900e-01,3.204194933806974177e+00
-5.411663911180052189e+00,-2.862724796041668895e+01,2.910896552316202701e+01,-1.198483757795454352e+00,1.928598673000107566e-01,-2.749755688858870339e-01,5.464820752536829751e+00,4.927869054305073493e-01,1.000000000000000000e+00,7.871033567028888900e-01,3.204194933806974177e+00
-5.406011938772755876e+00,-2.862779381984479343e+01,2.910868076338557842e+01,-1.192835549086955993e+00,1.933691853372522806e-01,-2.760548745861886033e-01,5.464865085564189151e+00,4.927797450719292316e-01,1.000000000000000000e+00,7.871033567028888900e-01,3.204194933806974177e+00
-5.400187603590437035e+00,-2.862835515714335344e+01,2.910838616345564134e+01,-1.187015261152060575e+00,1.938940082740018833e-01,-2.771671020212276293e-01,5.464910552219305551e+00,4.927723464725740077e-01,1.000000000000000000e+00,7.871033567028888900e-01,3.204194933806974177e+00
-5.394363154324503640e+00,-2.862891531923852284e+01,2.910809038431748164e+01,-1.181195030513367605e+00,1.944188137981125997e-01,-2.782793585375969991e-01,5.464955798126075237e+00,4.927649275510302962e-01,1.000000000000000000e+00,7.871033567028888900e-01,3.204194933806974177e+00
-5.388538591213797524e+00,-2.862947430610733335e+01,2.910779342598323538e+01,-1.175374857409543949e+00,1.949436018880640886e-01,-2.793916440924535394e-01,5.465000823270679042e+00,4.927574883064885225e-01,1.000000000000000000e+00,7.871033567028888900e-01,3.204194933806974177e+00
-5.382886179702983220e+00,-2.863001563743170408e+01,2.910750412274014920e+01,-1.169726869923739088e+00,1.954528527928843795e-01,-2.804710617604795897e-01,5.465044305727881913e+00,4.927502496449454594e-01,1.000000000000000000e+00,7.871033567028888900e-01,3.204194933806974177e+00
-5.377061392970155396e+00,-2.863057230853769042e+01,2.910720484092395921e+01,-1.163906810888029497e+00,1.959776064670166185e-01,-2.815834044078116549e-01,5.465088895836704985e+00,4.927427703530901093e-01,1.000000000000000000e+00,7.871033567028888900e-01,3.204194933806974177e+00
-5.371236493102795606e+00,-2.863112780434929761e+01,2.910690437994803403e+01,-1.158086810096873975e+00,1.965023426430008713e-01,-2.826957759661878899e-01,5.465133265142337216e+00,4.927352707358361172e-01,1.000000000000000000e+00,7.871033567028888900e-01,3.204194933806974177e+00
-5.365583755473843475e+00,-2.863166574779884499e+01,2.910661167768803992e+01,-1.152438990506086114e+00,1.970115431080265433e-01,-2.837752769723468349e-01,5.465176111117669322e+00,4.927279734847982984e-01,1.000000000000000000e+00,7.871033567028888900e-01,3.204194933806974177e+00
-5.359758633383832738e+00,-2.863221892771402111e+01,2.910630889330222004e+01,-1.146619105181358123e+00,1.975362447421168399e-01,-2.848877053720411667e-01,5.465220045306751651e+00,4.927204338155074526e-01,1.000000000000000000e+00,7.871033567028888900e-01,3.204194933806974177e+00
-5.353933398869625826e+00,-2.863277093226721703e+01,2.910600492979343912e+01,-1.140799278810905371e+00,1.980609288140717794e-01,-2.860001625552760496e-01,5.465263758651690118e+00,4.927128738184243795e-01,1.000000000000000000e+00,7.871033567028888900e-01,3.204194933806974177e+00
-5.348108052170812421e+00,-2.863332176143573449e+01,2.910569978717420980e+01,-1.134979511634092830e+00,1.985855953023114018e-01,-2.871126484790302302e-01,5.465307251138701972e+00,4.927052934927451111e-01,1.000000000000000000e+00,7.871033567028888900e-01,3.204194933806974177e+00
-5.342454881832828129e+00,-2.863385517617108533e+01,2.910540254177677966e+01,-1.129331919655197858e+00,1.990947280588534207e-01,-2.881922603053183041e-01,5.465349246174839415e+00,4.926979179171612211e-01,1.000000000000000000e+00,7.871033567028888900e-01,3.204194933806974177e+00
-5.336629314781650812e+00,-2.863440368926594104e+01,2.910509507584524513e+01,-1.123512269813362607e+00,1.996193598367406175e-01,-2.893048027346046824e-01,5.465392303437556443e+00,4.926902975331511891e-01,1.000000000000000000e+00,7.871033567028888900e-01,3.204194933806974177e+00
-5.330803636256254308e+00,-2.863495102690908567e+01,2.910478643084060835e+01,-1.117692679874854988e+00,2.001439739669338969e-01,-2.904173737768366848e-01,5.465435139801478215e+00,4.926826568181601473e-01,1.000000000000000000e+00,7.871033567028888900e-01,3.204194933806974177e+00
-5.325150144584537948e+00,-2.863548105331624427e+01,2.910448578667592656e+01,-1.112045260570939220e+00,2.006530558527457875e-01,-2.914970680822643878e-01,5.465476498080177770e+00,4.926752226369875420e-01,1.000000000000000000e+00,7.871033567028888900e-01,3.204194933806974177e+00
-5.319324247106537840e+00,-2.863602607475406714e+01,2.910417481843299470e+01,-1.106225789365728573e+00,2.011776351465319745e-01,-2.926096953786122556e-01,5.465518899139343745e+00,4.926675418589729905e-01,1.000000000000000000e+00,7.871033567028888900e-01,3.204194933806974177e+00
-5.313498238864644563e+00,-2.863656992067359397e+01,2.910386267115475079e+01,-1.100406378773406857e+00,2.017021967286616313e-01,-2.937223511602992110e-01,5.465561079258914212e+00,4.926598407475987762e-01,1.000000000000000000e+00,7.871033567028888900e-01,3.204194933806974177e+00
-5.307672120097765678e+00,-2.863711259105250662e+01,2.910354934485397393e+01,-1.094587029032611625e+00,2.022267405776234650e-01,-2.948350353844003680e-01,5.465603038425170368e+00,4.926521193020654277e-01,1.000000000000000000e+00,7.871033567028888900e-01,3.204194933806974177e+00
-5.302018202112156686e+00,-2.863763808814397649e+01,2.910324415789002472e+01,-1.088939843729140655e+00,2.027357541790411610e-01,-2.959148393613073025e-01,5.465643545397044001e+00,4.926446067749035151e-01,1.000000000000000000e+00,7.871033567028888900e-01,3.204194933806974177e+00
-5.296191866263975534e+00,-2.863817844214289465e+01,2.910292850845122103e+01,-1.083120614590825426e+00,2.032602630231080121e-01,-2.970275795032722987e-01,5.465685069151199116e+00,4.926368452600942138e-01,1.000000000000000000e+00,7.871033567028888900e-01,3.204194933806974177e+00
-5.290365420601239599e+00,-2.863871762053517500e+01,2.910261168002824306e+01,-1.077301447013620184e+00,2.037847540700483129e-01,-2.981403479599660789e-01,5.465726371911328485e+00,4.926290634087562847e-01,1.000000000000000000e+00,7.871033567028888900e-01,3.204194933806974177e+00
-5.284711186066888722e+00,-2.863923972885177704e+01,2.910230309455340603e+01,-1.071654439164700712e+00,2.042937163699051761e-01,-2.992202335562108018e-01,5.465766241851243379e+00,4.926214922600150037e-01,1.000000000000000000e+00,7.871033567028888900e-01,3.204194933806974177e+00
-5.278884524722744054e+00,-2.863977659073437465e+01,2.910198394306838665e+01,-1.065835393588140612e+00,2.048181722859302445e-01,-3.003330576791226059e-01,5.465807109119118046e+00,4.926136703347384627e-01,1.000000000000000000e+00,7.871033567028888900e-01,3.204194933806974177e+00
-5.273057754274517173e+00,-2.864031227694472648e+01,2.910166361263796020e+01,-1.060016410282256238e+00,2.053426103408758086e-01,-3.014459099890254845e-01,5.465847755352320370e+00,4.926058280705700176e-01,1.000000000000000000e+00,7.871033567028888900e-01,3.204194933806974177e+00
-5.267230874961142284e+00,-2.864084678746087675e+01,2.910134210327526816e+01,-1.054197489485662942e+00,2.058670305132369038e-01,-3.025587904429535291e-01,5.465888180537185725e+00,4.925979654667153596e-01,1.000000000000000000e+00,7.871033567028888900e-01,3.204194933806974177e+00
-5.261576220509799562e+00,-2.864136436586917256e+01,2.910102897534837396e+01,-1.048550722026190485e+00,2.063759239528416556e-01,-3.036387845607584901e-01,5.465927198804035214e+00,4.925903159506811457e-01,1.000000000000000000e+00,7.871033567028888900e-01,3.204194933806974177e+00
-5.255749127386563302e+00,-2.864189655970357151e+01,2.910070514302652356e+01,-1.042731925099286805e+00,2.069003088258387635e-01,-3.047517203443330658e-01,5.465967188389710074e+00,4.925824132666761224e-01,1.000000000000000000e+00,7.871033567028888900e-01,3.204194933806974177e+00
-5.249921926108960690e+00,-2.864242757777870096e+01,2.910038013181176453e+01,-1.036913191391465539e+00,2.074246757522841267e-01,-3.058646841440770259e-01,5.466006956886488410e+00,4.925744902406310466e-01,1.000000000000000000e+00,7.871033567028888900e-01,3.204194933806974177e+00
-5.244266959894184232e+00,-2.864294176697219285e+01,2.910006360563706451e+01,-1.031266606165457844e+00,2.079335174596267932e-01,-3.069447590206596521e-01,5.466045337847911689e+00,4.925667820871302838e-01,1.000000000000000000e+00,7.871033567028888900e-01,3.204194933806974177e+00
-5.238439546206539177e+00,-2.864347046823787224e+01,2.909973627154108655e+01,-1.025447997725132510e+00,2.084578489607407104e-01,-3.080577778982140913e-01,5.466084670665654954e+00,4.925588189763021596e-01,1.000000000000000000e+00,7.871033567028888900e-01,3.204194933806974177e+00
-5.232612025075090045e+00,-2.864399799367967603e+01,2.909940775859196904e+01,-1.019629453213396708e+00,2.089821624513655829e-01,-3.091708246640795799e-01,5.466123782354012306e+00,4.925508355210861944e-01,1.000000000000000000e+00,7.871033567028888900e-01,3.204194933806974177e+00
-5.226784396738805683e+00,-2.864452434327597175e+01,2.909907806680319453e+01,-1.013810972868851579e+00,2.095064579100009983e-01,-3.102838992752491865e-01,5.466162672899371522e+00,4.925428317206934081e-01,1.000000000000000000e+00,7.871033567028888900e-01,3.204194933806974177e+00
-5.221129017004206396e+00,-2.864503400197754601e+01,2.909875699853258624e+01,-1.008164634420260164e+00,2.100152301814200428e-01,-3.113640815224883451e-01,5.466200201822901228e+00,4.925350451787341988e-01,1.000000000000000000e+00,7.871033567028888900e-01,3.204194933806974177e+00
-5.215301178129615245e+00,-2.864555803459495564e+01,2.909842498396810484e+01,-1.002346281212062706e+00,2.105394900463202212e-01,-3.124772108745870747e-01,5.466238656582700806e+00,4.925270012873869674e-01,1.000000000000000000e+00,7.871033567028888900e-01,3.204194933806974177e+00
-5.209473232760855055e+00,-2.864608089130280888e+01,2.909809179060430040e+01,-9.965279928805879095e-01,2.110637318152974728e-01,-3.135903679440524838e-01,5.466276890159104340e+00,4.925189370485242302e-01,1.000000000000000000e+00,7.871033567028888900e-01,3.204194933806974177e+00
-5.203645181137624753e+00,-2.864660257207960470e+01,2.909775741845488284e+01,-9.907097696651359087e-01,2.115879554667900453e-01,-3.147035526877174361e-01,5.466314902538519149e+00,4.925108524613605598e-01,1.000000000000000000e+00,7.871033567028888900e-01,3.204194933806974177e+00
-5.197989391542551907e+00,-2.864710769995948780e+01,2.909743180829612186e+01,-9.850636816474569457e-01,2.120966579730814705e-01,-3.157838416468466414e-01,5.466351579216091494e+00,4.925029875188971507e-01,1.000000000000000000e+00,7.871033567028888900e-01,3.204194933806974177e+00
-5.192161131252223782e+00,-2.864762706358952471e+01,2.909709511347798028e+01,-9.792455874364609514e-01,2.126208458625180042e-01,-3.168970807945046264e-01,5.466389155703668123e+00,4.924948628346305646e-01,1.000000000000000000e+00,7.871033567028888900e-01,3.204194933806974177e+00
-5.186332765418094404e+00,-2.864814525122502786e+01,2.909675723991513863e+01,-9.734275590509389176e-01,2.131450155705496563e-01,-3.180103474883647086e-01,5.466426510953945161e+00,4.924867177997330203e-01,1.000000000000000000e+00,7.871033567028888900e-01,3.204194933806974177e+00
-5.180676671584306447e+00,-2.864864698921198283e+01,2.909642823193576078e+01,-9.677816607794138548e-01,2.136536656676361612e-01,-3.190907158516376740e-01,5.466462549898312595e+00,4.924787941950388714e-01,1.000000000000000000e+00,7.871033567028888900e-01,3.204194933806974177e+00
-5.174848098483383119e+00,-2.864916285957608366e+01,2.909608803578522895e+01,-9.619637627961878934e-01,2.141777994876729596e-01,-3.202040366972405128e-01,5.466499469177387383e+00,4.924706090584537455e-01,1.000000000000000000e+00,7.871033567028888900e-01,3.204194933806974177e+00
-5.169019420549414434e+00,-2.864967755388260429e+01,2.909574666093133644e+01,-9.561459313479101496e-01,2.147019150623872275e-01,-3.213173849609870514e-01,5.466536167178920103e+00,4.924624035689144086e-01,1.000000000000000000e+00,7.871033567028888900e-01,3.204194933806974177e+00
-5.163190638021362133e+00,-2.865019107211044869e+01,2.909540410738808802e+01,-9.503281666730964972e-01,2.152260123702910977e-01,-3.224307605998157911e-01,5.466572643889381133e+00,4.924541777256397634e-01,1.000000000000000000e+00,7.871033567028888900e-01,3.204194933806974177e+00
-5.157534140725292815e+00,-2.865068827870621249e+01,2.909507055789082486e+01,-9.446825252194228639e-01,2.157345921268181699e-01,-3.235112345224102071e-01,5.466607830225182596e+00,4.924461756994943373e-01,1.000000000000000000e+00,7.871033567028888900e-01,3.204194933806974177e+00
-5.151705152802607657e+00,-2.865119947949733259e+01,2.909472568186953367e+01,-9.388648928155838291e-01,2.162586533783822929e-01,-3.246246639755898111e-01,5.466643870858566068e+00,4.924379097484251067e-01,1.000000000000000000e+00,7.871033567028888900e-01,3.204194933806974177e+00
-5.145876060996645407e+00,-2.865170950414729134e+01,2.909437962720079085e+01,-9.330473278946511684e-01,2.167826962992271400e-01,-3.257381206757237746e-01,5.466679690160725968e+00,4.924296234413061968e-01,1.000000000000000000e+00,7.871033567028888900e-01,3.204194933806974177e+00
-5.140046865546386456e+00,-2.865221835263518457e+01,2.909403239389879658e+01,-9.272298306951345381e-01,2.173067208678680085e-01,-3.268516045797284497e-01,5.466715288118161098e+00,4.924213167773596744e-01,1.000000000000000000e+00,7.871033567028888900e-01,3.204194933806974177e+00
-5.134389968449029951e+00,-2.865271102751794885e+01,2.909369430309951454e+01,-9.215844497132819058e-01,2.178152299546726178e-01,-3.279321834017219772e-01,5.466749621638593126e+00,4.924132363178435612e-01,1.000000000000000000e+00,7.871033567028888900e-01,3.204194933806974177e+00
-5.128560569476483089e+00,-2.865321755840529860e+01,2.909334474743063481e+01,-9.157670866533802467e-01,2.183392182986474972e-01,-3.290457207824932229e-01,5.466784783413311644e+00,4.924048895400184866e-01,1.000000000000000000e+00,7.871033567028888900e-01,3.204194933806974177e+00
-5.122731067570446051e+00,-2.865372291306866970e+01,2.909299401317097633e+01,-9.099497920242543003e-01,2.188631882265226758e-01,-3.301592852389473864e-01,5.466819723803241438e+00,4.923965224030602550e-01,1.000000000000000000e+00,7.871033567028888900e-01,3.204194933806974177e+00
-5.116901462970732339e+00,-2.865422709148727165e+01,2.909264210033496312e+01,-9.041325660652130836e-01,2.193871397167429516e-01,-3.312728767278207975e-01,5.466854442794907953e+00,4.923881349061946522e-01,1.000000000000000000e+00,7.871033567028888900e-01,3.204194933806974177e+00
-5.111244169732573006e+00,-2.865471523433824075e+01,2.909229946845244541e+01,-8.984874492082131070e-01,2.198955778047776977e-01,-3.323535597890822646e-01,5.466887923293645812e+00,4.923799760014334614e-01,1.000000000000000000e+00,7.871033567028888900e-01,3.204194933806974177e+00
-5.105414363482433160e+00,-2.865521709499402903e+01,2.909194523336217486e+01,-8.926703592567308831e-01,2.204194929020844573e-01,-3.334672044170733929e-01,5.466922205997197359e+00,4.923715483846282659e-01,1.000000000000000000e+00,7.871033567028888900e-01,3.204194933806974177e+00
-5.099584455249013715e+00,-2.865571777934375675e+01,2.909158981973857294e+01,-8.868533386842019084e-01,2.209433894978909962e-01,-3.345808759493151263e-01,5.466956267262513158e+00,4.923631004056182592e-01,1.000000000000000000e+00,7.871033567028888900e-01,3.204194933806974177e+00
-5.093754445272093534e+00,-2.865621728736682883e+01,2.909123322759627328e+01,-8.810363877298765800e-01,2.214672675706498284e-01,-3.356945743425305273e-01,5.466990107076154182e+00,4.923546320636327800e-01,1.000000000000000000e+00,7.871033567028888900e-01,3.204194933806974177e+00
-5.088096759554127324e+00,-2.865670089787011321e+01,2.909088605485224832e+01,-8.753915386508435148e-01,2.219756343308897928e-01,-3.367753609825234196e-01,5.467022734347326995e+00,4.923463947017980291e-01,1.000000000000000000e+00,7.871033567028888900e-01,3.204194933806974177e+00
-5.082266549798825750e+00,-2.865719808796959356e+01,2.909052714056980449e+01,-8.695747255719838975e-01,2.224994758425063446e-01,-3.378891121770161710e-01,5.467056137767690949e+00,4.923378862338351203e-01,1.000000000000000000e+00,7.871033567028888900e-01,3.204194933806974177e+00
-5.076436239010980067e+00,-2.865769410168164910e+01,2.909016704781228668e+01,-8.637579828206689569e-01,2.230232987671927902e-01,-3.390028901041465814e-01,5.467089319696491145e+00,4.923293574006086804e-01,1.000000000000000000e+00,7.871033567028888900e-01,3.204194933806974177e+00
-5.070778262058198926e+00,-2.865817432115946062e+01,2.908981647802484005e+01,-8.581133364652169249e-01,2.235316119492830045e-01,-3.400837538031513119e-01,5.467121308501522670e+00,4.923210613343634856e-01,1.000000000000000000e+00,7.871033567028888900e-01,3.204194933806974177e+00
-5.064947752892845045e+00,-2.865866801682860299e+01,2.908945406321356231e+01,-8.522967329870017039e-01,2.240553981869627398e-01,-3.411975842786432178e-01,5.467154053958529047e+00,4.923124923706584388e-01,1.000000000000000000e+00,7.871033567028888900e-01,3.204194933806974177e+00
-5.059117143405837957e+00,-2.865916053604997771e+01,2.908909046997124648e+01,-8.464802005455487333e-01,2.245791657738458458e-01,-3.423114413584055771e-01,5.467186577884157295e+00,4.923039030394086302e-01,1.000000000000000000e+00,7.871033567028888900e-01,3.204194933806974177e+00
-5.053286433836272629e+00,-2.865965187880339826e+01,2.908872569831281396e+01,-8.406637393793747748e-01,2.251029146884543919e-01,-3.434253249992575974e-01,5.467218880265019010e+00,4.922952933398472286e-01,1.000000000000000000e+00,7.871033567028888900e-01,3.204194933806974177e+00
-5.047628070803965805e+00,-2.866012756538836825e+01,2.908837058805850617e+01,-8.350193671873720191e-01,2.256111559677027034e-01,-3.445062911214800128e-01,5.467250015483716474e+00,4.922869187959604265e-01,1.000000000000000000e+00,7.871033567028888900e-01,3.204194933806974177e+00
-5.041797164729671543e+00,-2.866061658994067685e+01,2.908800349446310207e+01,-8.292030471625553290e-01,2.261348680270713341e-01,-3.456202269724374387e-01,5.467281881288035272e+00,4.922782689599242145e-01,1.000000000000000000e+00,7.871033567028888900e-01,3.204194933806974177e+00
-5.035966159283810306e+00,-2.866110443796525686e+01,2.908763522249619626e+01,-8.233867991222503235e-01,2.266585613503033225e-01,-3.467341892560381611e-01,5.467313525507865535e+00,4.922695987533044493e-01,1.000000000000000000e+00,7.871033567028888900e-01,3.204194933806974177e+00
-5.030135054705487718e+00,-2.866159110944210653e+01,2.908726577217289488e+01,-8.175706233049586658e-01,2.271822359159241245e-01,-3.478481779290781839e-01,5.467344948129846394e+00,4.922609081753368532e-01,1.000000000000000000e+00,7.871033567028888900e-01,3.204194933806974177e+00
-5.024476309255804907e+00,-2.866206226282635683e+01,2.908690612168155099e+01,-8.119265289295016785e-01,2.276904049633916016e-01,-3.489292458129175656e-01,5.467375229557615235e+00,4.922524551421064709e-01,1.000000000000000000e+00,7.871033567028888900e-01,3.204194933806974177e+00
-5.018645010045661436e+00,-2.866254661594540210e+01,2.908653434953956562e+01,-8.061104961217351317e-01,2.282140425055632638e-01,-3.500432863576251608e-01,5.467406215498542110e+00,4.922437244216915642e-01,1.000000000000000000e+00,7.871033567028888900e-01,3.204194933806974177e+00
-5.012813612414098507e+00,-2.866302979245750393e+01,2.908616139908636811e+01,-8.002945362461835188e-01,2.287376612262703168e-01,-3.511573531632566358e-01,5.467436979801984620e+00,4.922349733276655259e-01,1.000000000000000000e+00,7.871033567028888900e-01,3.204194933806974177e+00
-5.006982116601006894e+00,-2.866351179234278845e+01,2.908578727033729905e+01,-7.944786495421016781e-01,2.292612611039721582e-01,-3.522714461864382973e-01,5.467467522454616535e+00,4.922262018592689636e-01,1.000000000000000000e+00,7.871033567028888900e-01,3.204194933806974177e+00
-5.001322992395730083e+00,-2.866397841222145004e+01,2.908542307984166442e+01,-7.888348366354884789e-01,2.297693575908222874e-01,-3.533526151700562834e-01,5.467496949887335589e+00,4.922176703250382146e-01,1.000000000000000000e+00,7.871033567028888900e-01,3.204194933806974177e+00
-4.995491303823082596e+00,-2.866445809359380092e+01,2.908504662939365559e+01,-7.830190948082407232e-01,2.302929202769587458e-01,-3.544667597264332670e-01,5.467527055754643150e+00,4.922088587082440458e-01,1.000000000000000000e+00,7.871033567028888900e-01,3.204194933806974177e+00
-4.989659517779995390e+00,-2.866493659828070761e+01,2.908466900069554129e+01,-7.772034268616270225e-01,2.308164640562461734e-01,-3.555809303717762382e-01,5.467556939931593973e+00,4.922000267148247121e-01,1.000000000000000000e+00,7.871033567028888900e-01,3.204194933806974177e+00
-4.983827634505555437e+00,-2.866541392626254847e+01,2.908429019376280777e+01,-7.713878330340744327e-01,2.313399889072204618e-01,-3.566951270628441750e-01,5.467586602404891138e+00,4.921911743440222087e-01,1.000000000000000000e+00,7.871033567028888900e-01,3.204194933806974177e+00
-4.978168135206559874e+00,-2.866587601233367266e+01,2.908392146349853036e+01,-7.657443052482744150e-01,2.318480125046765150e-01,-3.577763964840766642e-01,5.467615175638903757e+00,4.921825642971802695e-01,1.000000000000000000e+00,7.871033567028888900e-01,3.204194933806974177e+00
-4.972336061045774080e+00,-2.866635102164887527e+01,2.908354033498814672e+01,-7.599288581655887498e-01,2.323714999959193839e-01,-3.588906443695297765e-01,5.467644401222842454e+00,4.921736717720547327e-01,1.000000000000000000e+00,7.871033567028888900e-01,3.204194933806974177e+00
-4.966503890364822205e+00,-2.866682485420095006e+01,2.908315802828948193e+01,-7.541134859111435773e-01,2.328949684950099575e-01,-3.600049181720456071e-01,5.467673405063676384e+00,4.921647588673008777e-01,1.000000000000000000e+00,7.871033567028888900e-01,3.204194933806974177e+00
-4.960671623402808983e+00,-2.866729750997046722e+01,2.908277454341819634e+01,-7.482981887233544072e-01,2.334184179804869030e-01,-3.611192178483595971e-01,5.467702187148133497e+00,4.921558255821634753e-01,1.000000000000000000e+00,7.871033567028888900e-01,3.204194933806974177e+00
-4.955011752673030401e+00,-2.866775506193499368e+01,2.908240127362393679e+01,-7.426549497109666831e-01,2.339263683597466725e-01,-3.622005870445316744e-01,5.467729905980243110e+00,4.921471370111461519e-01,1.000000000000000000e+00,7.871033567028888900e-01,3.204194933806974177e+00
-4.949179296697952424e+00,-2.866822539888567789e+01,2.908201546729780063e+01,-7.368398011359298394e-01,2.344497803173553052e-01,-3.633149375762493305e-01,5.467758251071551889e+00,4.921381635657838260e-01,1.000000000000000000e+00,7.871033567028888900e-01,3.204194933806974177e+00
-4.943346745153300859e+00,-2.866869455899629315e+01,2.908162848284598212e+01,-7.310247283369459836e-01,2.349731731974974980e-01,-3.644293138529851594e-01,5.467786374367122448e+00,4.921291697378018526e-01,1.000000000000000000e+00,7.871033567028888900e-01,3.204194933806974177e+00
-4.937514098278247943e+00,-2.866916254224759086e+01,2.908124032028433703e+01,-7.252097315524723697e-01,2.354965469787105303e-01,-3.655437158314421286e-01,5.467814275853718264e+00,4.921201555264484995e-01,1.000000000000000000e+00,7.871033567028888900e-01,3.204194933806974177e+00
-4.931853859780095384e+00,-2.866961555980943288e+01,2.908086251120161236e+01,-7.195667849651430359e-01,2.360044238110873827e-01,-3.666251841396712674e-01,5.467841140081200813e+00,4.921113884197370614e-01,1.000000000000000000e+00,7.871033567028888900e-01,3.204194933806974177e+00
-4.926021025765075834e+00,-2.867008122409123771e+01,2.908047202730940128e+01,-7.137519386609056937e-01,2.365277598963468897e-01,-3.677396366344276579e-01,5.467868604471092908e+00,4.921023340422797654e-01,1.000000000000000000e+00,7.871033567028888900e-01,3.204194933806974177e+00
-4.920188097130880678e+00,-2.867054571145679986e+01,2.908008036535483853e+01,-7.079371690802309658e-01,2.370510768188610062e-01,-3.688541147021150435e-01,5.467895847012740340e+00,4.920932592792237603e-01,1.000000000000000000e+00,7.871033567028888900e-01,3.204194933806974177e+00
-4.914355074117414013e+00,-2.867100902188702349e+01,2.907968752535403567e+01,-7.021224764622768788e-01,2.375743745571061161e-01,-3.699686182992760752e-01,5.467922867692934119e+00,4.920841641298208669e-01,1.000000000000000000e+00,7.871033567028888900e-01,3.204194933806974177e+00
-4.908694471513790347e+00,-2.867145750475302890e+01,2.907930517722735075e+01,-6.964798259517177570e-01,2.380821775139385643e-01,-3.710501850562764603e-01,5.467948877113531836e+00,4.920753184759427135e-01,1.000000000000000000e+00,7.871033567028888900e-01,3.204194933806974177e+00
-4.902861263233166511e+00,-2.867191849606462029e+01,2.907891001602172665e+01,-6.906652856809785135e-01,2.386054373882059987e-01,-3.721647388305299176e-01,5.467975460593708981e+00,4.920661831545799503e-01,1.000000000000000000e+00,7.871033567028888900e-01,3.204194933806974177e+00
-4.897027961284594610e+00,-2.867237831038450935e+01,2.907851367681790578e+01,-6.848508230820256060e-01,2.391286780143928037e-01,-3.732793180053887716e-01,5.468001822173251369e+00,4.920570274446520731e-01,1.000000000000000000e+00,7.871033567028888900e-01,3.204194933806974177e+00
-4.891194565907226455e+00,-2.867283694769385249e+01,2.907811615963214535e+01,-6.790364383932399051e-01,2.396518993710474166e-01,-3.743939225375189084e-01,5.468027961838983764e+00,4.920478513454129010e-01,1.000000000000000000e+00,7.871033567028888900e-01,3.204194933806974177e+00
-4.885361077340372837e+00,-2.867329440797383455e+01,2.907771746448075234e+01,-6.732221318531514953e-01,2.401751014367051185e-01,-3.755085523835519079e-01,5.468053879577741583e+00,4.920386548561178075e-01,1.000000000000000000e+00,7.871033567028888900e-01,3.204194933806974177e+00
-4.879700024090135813e+00,-2.867373721361683181e+01,2.907732943444563745e+01,-6.675798571367446144e-01,2.406828114483575143e-01,-3.765902414493982331e-01,5.468078818613549608e+00,4.920297108559112953e-01,1.000000000000000000e+00,7.871033567028888900e-01,3.204194933806974177e+00
-4.873866352601828211e+00,-2.867419235459351512e+01,2.907692841824903240e+01,-6.617657052819643226e-01,2.412059754396360667e-01,-3.777049210474305863e-01,5.468104299023291759e+00,4.920204741873604459e-01,1.000000000000000000e+00,7.871033567028888900e-01,3.204194933806974177e+00
-4.868032588635312408e+00,-2.867464631848519829e+01,2.907652622413554866e+01,-6.559516322848004677e-01,2.417291200761269576e-01,-3.788196258304302733e-01,5.468129557466989255e+00,4.920112171265461076e-01,1.000000000000000000e+00,7.871033567028888900e-01,3.204194933806974177e+00
-4.862198732430575987e+00,-2.867509910527320116e+01,2.907612285212172054e+01,-6.501376383844297280e-01,2.422522453363090134e-01,-3.799343557548787720e-01,5.468154593931505936e+00,4.920019396727273731e-01,1.000000000000000000e+00,7.871033567028888900e-01,3.204194933806974177e+00
-4.856537323324130462e+00,-2.867553737557094351e+01,2.907573028360396350e+01,-6.444956679672921851e-01,2.427598807324868879e-01,-3.810161417745635548e-01,5.468178677706691637e+00,4.919929170996887313e-01,1.000000000000000000e+00,7.871033567028888900e-01,3.204194933806974177e+00
-4.850703286070917386e+00,-2.867598784290990466e+01,2.907532459067406094e+01,-6.386818306188848382e-01,2.432829677503302035e-01,-3.821309211114171100e-01,5.468203276739421526e+00,4.919835994608115493e-01,1.000000000000000000e+00,7.871033567028888900e-01,3.204194933806974177e+00
-4.844869157290909278e+00,-2.867643713309011844e+01,2.907491771989315410e+01,-6.328680730762528128e-01,2.438060353280742110e-01,-3.832457254606956298e-01,5.468227653753990225e+00,4.919742614267313963e-01,1.000000000000000000e+00,7.871033567028888900e-01,3.204194933806974177e+00
-4.839034937223291699e+00,-2.867688524609315692e+01,2.907450967127791230e+01,-6.270543955777476697e-01,2.443290834442741755e-01,-3.843605547790139298e-01,5.468251808737297104e+00,4.919649029967094744e-01,1.000000000000000000e+00,7.871033567028888900e-01,3.204194933806974177e+00
-4.833373175923887821e+00,-2.867731898076205965e+01,2.907411256453152859e+01,-6.214127331105547825e-01,2.448366438965090541e-01,-3.854424370881804340e-01,5.468275037051131271e+00,4.919558018395163157e-01,1.000000000000000000e+00,7.871033567028888900e-01,3.204194933806974177e+00
-4.827538776681756794e+00,-2.867776477417174164e+01,2.907370219513090603e+01,-6.155992140314330285e-01,2.453596536023572861e-01,-3.865573154789623267e-01,5.468298754500115599e+00,4.919464032186580127e-01,1.000000000000000000e+00,7.871033567028888900e-01,3.204194933806974177e+00
-4.821704286863432998e+00,-2.867820939034975325e+01,2.907329064794585349e+01,-6.097857757053279926e-01,2.458826437828851019e-01,-3.876722187097018657e-01,5.468322249878951880e+00,4.919369841996684145e-01,1.000000000000000000e+00,7.871033567028888900e-01,3.204194933806974177e+00
-4.815869706708170384e+00,-2.867865282927786552e+01,2.907287792299324991e+01,-6.039724183706312033e-01,2.464056144166466567e-01,-3.887871467369807821e-01,5.468345523174566125e+00,4.919275447818116653e-01,1.000000000000000000e+00,7.871033567028888900e-01,3.204194933806974177e+00
-4.810207596880362146e+00,-2.867908202803718964e+01,2.907247627827525704e+01,-5.983310675049269278e-01,2.469130995964216591e-01,-3.898691246707128299e-01,5.468367895826781400e+00,4.919183650291886756e-01,1.000000000000000000e+00,7.871033567028888900e-01,3.204194933806974177e+00
-4.804372839424610575e+00,-2.867952314722912988e+01,2.907206123266945141e+01,-5.925178704568772048e-01,2.474360316518480207e-01,-3.909841014303431228e-01,5.468390731485778922e+00,4.919088854147411483e-01,1.000000000000000000e+00,7.871033567028888900e-01,3.204194933806974177e+00
-4.798537992343637981e+00,-2.867996308911721925e+01,2.907164500934657880e+01,-5.867047551093440561e-01,2.479589440967179259e-01,-3.920991028573131976e-01,5.468413345022757888e+00,4.918993853992464915e-01,1.000000000000000000e+00,7.871033567028888900e-01,3.204194933806974177e+00
-4.792703055876659235e+00,-2.868040185368342065e+01,2.907122760832371000e+01,-5.808917217006506206e-01,2.484818369095930790e-01,-3.932141289081914626e-01,5.468435736424679838e+00,4.918898649819714586e-01,1.000000000000000000e+00,7.871033567028888900e-01,3.204194933806974177e+00
-4.786868030263812912e+00,-2.868083944090967563e+01,2.907080902961800817e+01,-5.750787704700357494e-01,2.490047100689538051e-01,-3.943291795393641941e-01,5.468457905678502762e+00,4.918803241621855227e-01,1.000000000000000000e+00,7.871033567028888900e-01,3.204194933806974177e+00
-4.781205489290720756e+00,-2.868126296094418493e+01,2.907040170435160675e+01,-5.694378148317174038e-01,2.495121005551277915e-01,-3.954112762443827700e-01,5.468479206878741117e+00,4.918710460030923382e-01,1.000000000000000000e+00,7.871033567028888900e-01,3.204194933806974177e+00
-4.775370288722738721e+00,-2.868169822825766957e+01,2.906998080516024885e+01,-5.636250262243329701e-01,2.500349349259709530e-01,-3.965263751820383153e-01,5.468500938368229036e+00,4.918614649795441940e-01,1.000000000000000000e+00,7.871033567028888900e-01,3.204194933806974177e+00
-4.769534999720356439e+00,-2.868213231817799880e+01,2.906955872833724541e+01,-5.578123205037801569e-01,2.505577495795488496e-01,-3.976414985707619754e-01,5.468522447670942199e+00,4.918518635513159376e-01,1.000000000000000000e+00,7.871033567028888900e-01,3.204194933806974177e+00
-4.763699622522805655e+00,-2.868256523068736996e+01,2.906913547389989816e+01,-5.519996979083678923e-01,2.510805444944273490e-01,-3.987566463670929595e-01,5.468543734773873233e+00,4.918422417176779859e-01,1.000000000000000000e+00,7.871033567028888900e-01,3.204194933806974177e+00
-4.758036741272138492e+00,-2.868298421419104116e+01,2.906872361125128634e+01,-5.463590620915148577e-01,2.515878589687311484e-01,-3.998388371984813450e-01,5.468564179863260044e+00,4.918328849379324241e-01,1.000000000000000000e+00,7.871033567028888900e-01,3.204194933806974177e+00
-4.752201190993786462e+00,-2.868341480664821219e+01,2.906829803646385457e+01,-5.405466039864128547e-01,2.521106149271605812e-01,-4.009540329607673148e-01,5.468585029100106354e+00,4.918232228948317686e-01,1.000000000000000000e+00,7.871033567028888900e-01,3.204194933806974177e+00
-4.746365553231876255e+00,-2.868384422164177749e+01,2.906787128411383492e+01,-5.347342297152630763e-01,2.526333510831403895e-01,-4.020692530013460497e-01,5.468605656098582735e+00,4.918135404441613678e-01,1.000000000000000000e+00,7.871033567028888900e-01,3.204194933806974177e+00
-4.740529828225705344e+00,-2.868427245915412982e+01,2.906744335421873515e+01,-5.289219395164117543e-01,2.531560674152351087e-01,-4.031844972767249513e-01,5.468626060845717340e+00,4.918038375851955246e-01,1.000000000000000000e+00,7.871033567028888900e-01,3.204194933806974177e+00
-4.734694016215345691e+00,-2.868469951916764771e+01,2.906701424679614121e+01,-5.231097336289645128e-01,2.536787639019409957e-01,-4.042997657432572667e-01,5.468646243328538326e+00,4.917941143172098184e-01,1.000000000000000000e+00,7.871033567028888900e-01,3.204194933806974177e+00
-4.729030714149963011e+00,-2.868511282317800237e+01,2.906659670434634535e+01,-5.174695033300888980e-01,2.541859827570729924e-01,-4.053820734690951610e-01,5.468665616405063545e+00,4.917846590995674783e-01,1.000000000000000000e+00,7.871033567028888900e-01,3.204194933806974177e+00
-4.723194731404625202e+00,-2.868553756296694246e+01,2.906616527674545836e+01,-5.116574642693905162e-01,2.547086400772047288e-01,-4.064973894751764405e-01,5.468685360894765424e+00,4.917748956150148065e-01,1.000000000000000000e+00,7.871033567028888900e-01,3.204194933806974177e+00
-4.717358662366761379e+00,-2.868596112520511454e+01,2.906573267166955077e+01,-5.058455102288599292e-01,2.552312774882095070e-01,-4.076127295430118092e-01,5.468704883081683121e+00,4.917651117192938237e-01,1.000000000000000000e+00,7.871033567028888900e-01,3.204194933806974177e+00
-4.711522507275637039e+00,-2.868638350987515651e+01,2.906529888913637194e+01,-5.000336414467740909e-01,2.557538949686604668e-01,-4.087280936290885736e-01,5.468724182952881208e+00,4.917553074116818301e-01,1.000000000000000000e+00,7.871033567028888900e-01,3.204194933806974177e+00
-4.705858873185189140e+00,-2.868679227674824617e+01,2.906487680990868938e+01,-4.943937391888555410e-01,2.562610370727105846e-01,-4.098104939812057257e-01,5.468742699471712321e+00,4.917457735484005998e-01,1.000000000000000000e+00,7.871033567028888900e-01,3.204194933806974177e+00
-4.700022549233620950e+00,-2.868721234105765561e+01,2.906444070733615703e+01,-4.885820391003061758e-01,2.567836152187170096e-01,-4.109259052659079425e-01,5.468761561248586922e+00,4.917359290185746024e-01,1.000000000000000000e+00,7.871033567028888900e-01,3.204194933806974177e+00
-4.694186139940495828e+00,-2.868763122774756624e+01,2.906400342735938125e+01,-4.827704249789253055e-01,2.573061733704410936e-01,-4.120413404393828971e-01,5.468780200671356617e+00,4.917260640747178058e-01,1.000000000000000000e+00,7.871033567028888900e-01,3.204194933806974177e+00
-4.688349645545092592e+00,-2.868804893680080426e+01,2.906356496999629613e+01,-4.769588970629730085e-01,2.578287115064592516e-01,-4.131567994580960801e-01,5.468798617727125055e+00,4.917161787161112851e-01,1.000000000000000000e+00,7.871033567028888900e-01,3.204194933806974177e+00
-4.682513066287513404e+00,-2.868846546820018872e+01,2.906312533526494235e+01,-4.711474555915247109e-01,2.583512296052750679e-01,-4.142722822783492242e-01,5.468816812402989669e+00,4.917062729420375589e-01,1.000000000000000000e+00,7.871033567028888900e-01,3.204194933806974177e+00
-4.676849021714041044e+00,-2.868886855483012610e+01,2.906269757700192713e+01,-4.655079691405799025e-01,2.588582751649196600e-01,-4.153547976458927815e-01,5.468834256351077450e+00,4.916966406097282305e-01,1.000000000000000000e+00,7.871033567028888900e-01,3.204194933806974177e+00
-4.671012275942306502e+00,-2.868928276570072455e+01,2.906225562240724614e+01,-4.596966986989539095e-01,2.593807537192235890e-01,-4.164703272378287302e-01,5.468852012806260099e+00,4.916866946064035182e-01,1.000000000000000000e+00,7.871033567028888900e-01,3.204194933806974177e+00
-4.665175446020099592e+00,-2.868969579886681487e+01,2.906181249049804194e+01,-4.538855154104499690e-01,2.599032121726136402e-01,-4.175858805017609310e-01,5.468869546843277973e+00,4.916767281854833582e-01,1.000000000000000000e+00,7.871033567028888900e-01,3.204194933806974177e+00
-4.659338532186719561e+00,-2.869010765431146481e+01,2.906136818129247601e+01,-4.480744195133166130e-01,2.604256505036698366e-01,-4.187014573941251205e-01,5.468886858449261368e+00,4.916667413462520453e-01,1.000000000000000000e+00,7.871033567028888900e-01,3.204194933806974177e+00
-4.653674163842089762e+00,-2.869050620321258194e+01,2.906093588687080498e+01,-4.424352693220505728e-01,2.609326185732451786e-01,-4.197840638860154128e-01,5.468903445395212337e+00,4.916570303435543465e-01,1.000000000000000000e+00,7.871033567028888900e-01,3.204194933806974177e+00
-4.647837085369125987e+00,-2.869091573799579464e+01,2.906048925794423354e+01,-4.366243463210750519e-01,2.614550171919953203e-01,-4.208996872087734653e-01,5.468920318679856507e+00,4.916470032694784664e-01,1.000000000000000000e+00,7.871033567028888900e-01,3.204194933806974177e+00
-4.641999923697041730e+00,-2.869132409500747016e+01,2.906004145177564979e+01,-4.308135114203510696e-01,2.619773956246821967e-01,-4.220153340302923994e-01,5.468936969495292288e+00,4.916369557749724617e-01,1.000000000000000000e+00,7.871033567028888900e-01,3.204194933806974177e+00
-4.636162679065196635e+00,-2.869173127423086100e+01,2.905959246838341059e+01,-4.250027648581591322e-01,2.624997538498848870e-01,-4.231310043069758664e-01,5.468953397828684615e+00,4.916268878593240133e-01,1.000000000000000000e+00,7.871033567028888900e-01,3.204194933806974177e+00
-4.630325351712905046e+00,-2.869213727564927652e+01,2.905914230778593321e+01,-4.191921068727273436e-01,2.630220918461878554e-01,-4.242466979952306816e-01,5.468969603667209078e+00,4.916167995218216347e-01,1.000000000000000000e+00,7.871033567028888900e-01,3.204194933806974177e+00
-4.624660583217980125e+00,-2.869253014357606091e+01,2.905870433511339002e+01,-4.135533827757651437e-01,2.635289624464681735e-01,-4.253294176213512356e-01,5.468985117487546788e+00,4.916069900192597819e-01,1.000000000000000000e+00,7.871033567028888900e-01,3.204194933806974177e+00
-4.618823093573412031e+00,-2.869293382416906013e+01,2.905825185497521090e+01,-4.077429000231767020e-01,2.640512605204058394e-01,-4.264451573124141692e-01,5.469000884879060997e+00,4.915968614399443548e-01,1.000000000000000000e+00,7.871033567028888900e-01,3.204194933806974177e+00
-4.612985521920244025e+00,-2.869333632690771552e+01,2.905779819768682870e+01,-4.019325065559229415e-01,2.645735383017494002e-01,-4.275609202853413171e-01,5.469016429737648011e+00,4.915867124366671281e-01,1.000000000000000000e+00,7.871033567028888900e-01,3.204194933806974177e+00
-4.607147868498620902e+00,-2.869373765177546431e+01,2.905734336326689871e+01,-3.961222026130295504e-01,2.650957957690134870e-01,-4.286767064963602492e-01,5.469031752050511841e+00,4.915765430087205567e-01,1.000000000000000000e+00,7.871033567028888900e-01,3.204194933806974177e+00
-4.601310133547927173e+00,-2.869413779875585035e+01,2.905688735173407267e+01,-3.903119884327610478e-01,2.656180329007818974e-01,-4.297925159018397556e-01,5.469046851804862719e+00,4.915663531553968735e-01,1.000000000000000000e+00,7.871033567028888900e-01,3.204194933806974177e+00
-4.595644970647397187e+00,-2.869452498530989715e+01,2.905644370125481046e+01,-3.846736961483792072e-01,2.661248055177455329e-01,-4.308753476154431605e-01,5.469061292192423984e+00,4.915564451359564768e-01,1.000000000000000000e+00,7.871033567028888900e-01,3.204194933806974177e+00
-4.589807075751076937e+00,-2.869492281130331079e+01,2.905598537036389928e+01,-3.788636595366439153e-01,2.666470025172034131e-01,-4.319912025960205293e-01,5.469075953374477272e+00,4.915462150338879566e-01,1.000000000000000000e+00,7.871033567028888900e-01,3.204194933806974177e+00
-4.583969100037529998e+00,-2.869531945936070727e+01,2.905552586241583413e+01,-3.730537133959996865e-01,2.671691791174881092e-01,-4.331070806412755103e-01,5.469090391960076403e+00,4.915359645043455572e-01,1.000000000000000000e+00,7.871033567028888900e-01,3.204194933806974177e+00
-4.578131043746152429e+00,-2.869571492946582936e+01,2.905506517742946571e+01,-3.672438579646932766e-01,2.676913352971871385e-01,-4.342229817075543008e-01,5.469104607936467133e+00,4.915256935466247867e-01,1.000000000000000000e+00,7.871033567028888900e-01,3.204194933806974177e+00
-4.572292907117057048e+00,-2.869610922160240563e+01,2.905460331542374064e+01,-3.614340934816784312e-01,2.682134710348244577e-01,-4.353389057510597682e-01,5.469118601290895221e+00,4.915154021600228185e-01,1.000000000000000000e+00,7.871033567028888900e-01,3.204194933806974177e+00
-4.566627355556880374e+00,-2.869649072639100140e+01,2.905415398758772838e+01,-3.557962387285833472e-01,2.687201451544712349e-01,-4.364218485045437967e-01,5.469131967939449446e+00,4.915053956067829688e-01,1.000000000000000000e+00,7.871033567028888900e-01,3.204194933806974177e+00
-4.560789061329074912e+00,-2.869688269738138331e+01,2.905368980640886889e+01,-3.499866541497151928e-01,2.692422405498841043e-01,-4.375378176951360554e-01,5.469145522596674525e+00,4.914950639645416230e-01,1.000000000000000000e+00,7.871033567028888900e-01,3.204194933806974177e+00
-4.554950687475497695e+00,-2.869727349035527908e+01,2.905322444826711603e+01,-3.441771612276056658e-01,2.697643154395655274e-01,-4.386538097330773267e-01,5.469158854594112107e+00,4.914847118913338586e-01,1.000000000000000000e+00,7.871033567028888900e-01,3.204194933806974177e+00
-4.549112234235559882e+00,-2.869766310529666598e+01,2.905275791318155143e+01,-3.383677602004793172e-01,2.702863698021070737e-01,-4.397698245746847201e-01,5.469171963919045254e+00,4.914743393864590137e-01,1.000000000000000000e+00,7.871033567028888900e-01,3.204194933806974177e+00
-4.543446376337710646e+00,-2.869804007115616429e+01,2.905230405054345155e+01,-3.327302590591250109e-01,2.707929648719812343e-01,-4.408528552749985674e-01,5.469184472634796457e+00,4.914642541113409813e-01,1.000000000000000000e+00,7.871033567028888900e-01,3.204194933806974177e+00
-4.537607767374284506e+00,-2.869842736482583589e+01,2.905183519643421874e+01,-3.269210398020918618e-01,2.713149787246135203e-01,-4.419689149215214052e-01,5.469197143163022190e+00,4.914538413453470311e-01,1.000000000000000000e+00,7.871033567028888900e-01,3.204194933806974177e+00
-4.531769079736380768e+00,-2.869881348041563740e+01,2.905136516543820591e+01,-3.211119131483624045e-01,2.718369719864553447e-01,-4.430849972417841287e-01,5.469209590981011004e+00,4.914434081456094949e-01,1.000000000000000000e+00,7.871033567028888900e-01,3.204194933806974177e+00
-4.525930313663523386e+00,-2.869919841790972725e+01,2.905089395757469006e+01,-3.153028793362464555e-01,2.723589446360923927e-01,-4.442011021920616032e-01,5.469221816076076159e+00,4.914329545114309306e-01,1.000000000000000000e+00,7.871033567028888900e-01,3.204194933806974177e+00
-4.520091469395858930e+00,-2.869958217729227101e+01,2.905042157286304416e+01,-3.094939386046702268e-01,2.728808966520562818e-01,-4.453172297285052927e-01,5.469233818435535355e+00,4.914224804421154502e-01,1.000000000000000000e+00,7.871033567028888900e-01,3.204194933806974177e+00
-4.514425233174082841e+00,-2.869995346069449838e+01,2.904996203369203656e+01,-3.038568852791936337e-01,2.733873923003802275e-01,-4.464003695827541973e-01,5.469245252863792039e+00,4.914122966029899620e-01,1.000000000000000000e+00,7.871033567028888900e-01,3.204194933806974177e+00
-4.508586235530336772e+00,-2.870033489865032905e+01,2.904948733014593287e+01,-2.980481286531988516e-01,2.739093035965763367e-01,-4.475165414955584731e-01,5.469256816302325852e+00,4.914017822657290036e-01,1.000000000000000000e+00,7.871033567028888900e-01,3.204194933806974177e+00
-4.502747160403199445e+00,-2.870071515844799848e+01,2.904901144980940941e+01,-2.922394658154940927e-01,2.744311941955069334e-01,-4.486327358646159946e-01,5.469268156967642902e+00,4.913912474912655037e-01,1.000000000000000000e+00,7.871033567028888900e-01,3.204194933806974177e+00
-4.496908008032979964e+00,-2.870109424007186050e+01,2.904853439270204518e+01,-2.864308970051361314e-01,2.749530640756933653e-01,-4.497489526460252685e-01,5.469279274847087535e+00,4.913806922789066833e-01,1.000000000000000000e+00,7.871033567028888900e-01,3.204194933806974177e+00
-4.491068778659071725e+00,-2.870147214350637555e+01,2.904805615884340142e+01,-2.806224224602660300e-01,2.754749132157403024e-01,-4.508651917960570521e-01,5.469290169928027190e+00,4.913701166279598742e-01,1.000000000000000000e+00,7.871033567028888900e-01,3.204194933806974177e+00
-4.485402169859291632e+00,-2.870183774407482247e+01,2.904759094360547067e+01,-2.749858226669950056e-01,2.759813089288953858e-01,-4.519484397549318189e-01,5.469300529765181551e+00,4.913598342081617054e-01,1.000000000000000000e+00,7.871033567028888900e-01,3.204194933806974177e+00
-4.479562789456863925e+00,-2.870221332592997499e+01,2.904711039110392434e+01,-2.691775345630071925e-01,2.765031171393571574e-01,-4.530647228524892767e-01,5.469310985801360658e+00,4.913492182824805710e-01,1.000000000000000000e+00,7.871033567028888900e-01,3.204194933806974177e+00
-4.473723332762773452e+00,-2.870258772954984039e+01,2.904662866190955484e+01,-2.633693414327611393e-01,2.770249045460492776e-01,-4.541810281885627631e-01,5.469321219001530565e+00,4.913385819161577572e-01,1.000000000000000000e+00,7.871033567028888900e-01,3.204194933806974177e+00
-4.467883800016426044e+00,-2.870296095491906385e+01,2.904614575604210458e+01,-2.575612435143828094e-01,2.775466711275793030e-01,-4.552973557193989440e-01,5.469331229353080026e+00,4.913279251085029276e-01,1.000000000000000000e+00,7.871033567028888900e-01,3.204194933806974177e+00
-4.462044191458149456e+00,-2.870333300202228699e+01,2.904566167352145456e+01,-2.517532410469041082e-01,2.780684168624737440e-01,-4.564137054010632966e-01,5.469341016843412895e+00,4.913172478588284098e-01,1.000000000000000000e+00,7.871033567028888900e-01,3.204194933806974177e+00
-4.456204507327353959e+00,-2.870370387084425801e+01,2.904517641436744668e+01,-2.459453342684412291e-01,2.785901417293424331e-01,-4.575300771897906627e-01,5.469350581459934801e+00,4.913065501664456991e-01,1.000000000000000000e+00,7.871033567028888900e-01,3.204194933806974177e+00
-4.450537458588351036e+00,-2.870406264475974822e+01,2.904470438171879820e+01,-2.403092868109872882e-01,2.790964167224082026e-01,-4.586134536144978457e-01,5.469359650108923887e+00,4.912961493106267064e-01,1.000000000000000000e+00,7.871033567028888900e-01,3.204194933806974177e+00
-4.444697626249055844e+00,-2.870443119182212399e+01,2.904421680415509854e+01,-2.345015692782448369e-01,2.796181004077210597e-01,-4.597298688352785545e-01,5.469368775532443827e+00,4.912854113354047647e-01,1.000000000000000000e+00,7.871033567028888900e-01,3.204194933806974177e+00
-4.438857719049376094e+00,-2.870479856055816370e+01,2.904372805001735358e+01,-2.286939481427570087e-01,2.801397631613883887e-01,-4.608463060329046068e-01,5.469377678044790692e+00,4.912746529154351505e-01,1.000000000000000000e+00,7.871033567028888900e-01,3.204194933806974177e+00
-4.433017737228734489e+00,-2.870516475095280384e+01,2.904323811932561483e+01,-2.228864236426222334e-01,2.806614049620231865e-01,-4.619627651635891952e-01,5.469386357633405638e+00,4.912638740500321344e-01,1.000000000000000000e+00,7.871033567028888900e-01,3.204194933806974177e+00
-4.427177681027376188e+00,-2.870552976299098091e+01,2.904274701210002618e+01,-2.170789960167498478e-01,2.811830257881663964e-01,-4.630792461833820872e-01,5.469394814285732487e+00,4.912530747385122631e-01,1.000000000000000000e+00,7.871033567028888900e-01,3.204194933806974177e+00
-4.421510272361246052e+00,-2.870588285326412858e+01,2.904226930443063637e+01,-2.114434146742780740e-01,2.816891997156978356e-01,-4.641627284002489695e-01,5.469402807678640954e+00,4.912425752656657818e-01,1.000000000000000000e+00,7.871033567028888900e-01,3.204194933806974177e+00
-4.415670070299078098e+00,-2.870624554339526568e+01,2.904177587899207325e+01,-2.056361786288034565e-01,2.822107791505780727e-01,-4.652792524226834203e-01,5.469410825014977107e+00,4.912317356646009880e-01,1.000000000000000000e+00,7.871033567028888900e-01,3.204194933806974177e+00
-4.409829794568321581e+00,-2.870660705512557342e+01,2.904128127707969043e+01,-1.998290401657198956e-01,2.827323375473641542e-01,-4.663957982039335093e-01,5.469418619377782953e+00,4.912208756153914058e-01,1.000000000000000000e+00,7.871033567028888900e-01,3.204194933806974177e+00
-4.403989445408464931e+00,-2.870696738844022633e+01,2.904078549871376325e+01,-1.940219995231577954e-01,2.832538748846688548e-01,-4.675123657001737376e-01,5.469426190754536066e+00,4.912099951173553580e-01,1.000000000000000000e+00,7.871033567028888900e-01,3.204194933806974177e+00
-4.398149023058948615e+00,-2.870732654332444866e+01,2.904028854391462389e+01,-1.882150569391924932e-01,2.837753911411101670e-01,-4.686289548675823813e-01,5.469433539132721123e+00,4.911990941698118340e-01,1.000000000000000000e+00,7.871033567028888900e-01,3.204194933806974177e+00
-4.392481260212955263e+00,-2.870767394959719354e+01,2.903980516170894077e+01,-1.825799474266913691e-01,2.842814634898016002e-01,-4.697125418250778783e-01,5.469440456968954756e+00,4.911884960635689024e-01,1.000000000000000000e+00,7.871033567028888900e-01,3.204194933806974177e+00
-4.386640694351238601e+00,-2.870803078242923689e+01,2.903930588889595654e+01,-1.767731987583722741e-01,2.848029381452462094e-01,-4.708291735652899712e-01,5.469447365908546743e+00,4.911775548198135666e-01,1.000000000000000000e+00,7.871033567028888900e-01,3.204194933806974177e+00
-4.380800056012033039e+00,-2.870838643678720103e+01,2.903880543971050443e+01,-1.709665488567182479e-01,2.853243916562380744e-01,-4.719458268462932704e-01,5.469454051812445705e+00,4.911665931245344785e-01,1.000000000000000000e+00,7.871033567028888900e-01,3.204194933806974177e+00
-4.374959345435716074e+00,-2.870874091265644523e+01,2.903830381417316531e+01,-1.651599979607061286e-01,2.858458240013164176e-01,-4.730625016240666558e-01,5.469460514668166518e+00,4.911556109770550127e-01,1.000000000000000000e+00,7.871033567028888900e-01,3.204194933806974177e+00
-4.369118562861742383e+00,-2.870909421002243889e+01,2.903780101230451649e+01,-1.593535463083917136e-01,2.863672351591036724e-01,-4.741791978547604258e-01,5.469466754463237379e+00,4.911446083766983772e-01,1.000000000000000000e+00,7.871033567028888900e-01,3.204194933806974177e+00
-4.363450451583918976e+00,-2.870943593194245480e+01,2.903731195605276483e+01,-1.537189143407777792e-01,2.868732054157153710e-01,-4.752628885005915071e-01,5.469472596443142542e+00,4.911339116207831812e-01,1.000000000000000000e+00,7.871033567028888900e-01,3.204194933806974177e+00
-4.357609527845369257e+00,-2.870978690711355341e+01,2.903680683637166382e+01,-1.479126589380372891e-01,2.873945747629149117e-01,-4.763796268741868900e-01,5.469478396677401655e+00,4.911228687175838714e-01,1.000000000000000000e+00,7.871033567028888900e-01,3.204194933806974177e+00
-4.351768532821634672e+00,-2.871013670373844562e+01,2.903630054042072217e+01,-1.421065034872581734e-01,2.879159228592237385e-01,-4.774963865701913335e-01,5.469483973813998645e+00,4.911118053595025512e-01,1.000000000000000000e+00,7.871033567028888900e-01,3.204194933806974177e+00
-4.345927466752234736e+00,-2.871048532180279267e+01,2.903579306822070549e+01,-1.363004482265299799e-01,2.884372496832632304e-01,-4.786131675447224398e-01,5.469489327840492798e+00,4.911007215458654818e-01,1.000000000000000000e+00,7.871033567028888900e-01,3.204194933806974177e+00
-4.340086329876638338e+00,-2.871083276129230200e+01,2.903528441979241492e+01,-1.304944933938863016e-01,2.889585552136603730e-01,-4.797299697539014751e-01,5.469494458744446952e+00,4.910896172759995348e-01,1.000000000000000000e+00,7.871033567028888900e-01,3.204194933806974177e+00
-4.334245122435240738e+00,-2.871117902219266682e+01,2.903477459515677950e+01,-1.246886392282755551e-01,2.894798394289604393e-01,-4.808467931536672957e-01,5.469499366513430161e+00,4.910784925492333586e-01,1.000000000000000000e+00,7.871033567028888900e-01,3.204194933806974177e+00
-4.328576600224042892e+00,-2.871151391566720434e+01,2.903427872395365839e+01,-1.190545884373257479e-01,2.899856863752208747e-01,-4.819306069567866335e-01,5.469503915790635773e+00,4.910676772749297814e-01,1.000000000000000000e+00,7.871033567028888900e-01,3.204194933806974177e+00
-4.322735254438880403e+00,-2.871185785420431458e+01,2.903376658175064406e+01,-1.132489333251935903e-01,2.905069285281701719e-01,-4.830474719825625929e-01,5.469508383852512701e+00,4.910565122374075386e-01,1.000000000000000000e+00,7.871033567028888900e-01,3.204194933806974177e+00
-4.316893838800134553e+00,-2.871220061411020907e+01,2.903325326340259949e+01,-1.074433795879796705e-01,2.910281493024655108e-01,-4.841643580683722137e-01,5.469512628742556615e+00,4.910453267409943812e-01,1.000000000000000000e+00,7.871033567028888900e-01,3.204194933806974177e+00
-4.311052353547288440e+00,-2.871254219537083685e+01,2.903273876893055672e+01,-1.016379274636980412e-01,2.915493486767384290e-01,-4.852812651703080626e-01,5.469516650448365880e+00,4.910341207850205114e-01,1.000000000000000000e+00,7.871033567028888900e-01,3.204194933806974177e+00
-4.305210798919984150e+00,-2.871288259797218245e+01,2.903222309835563308e+01,-9.583257719051196943e-02,2.920705266296068636e-01,-4.863981932444278455e-01,5.469520448957555736e+00,4.910228943688179082e-01,1.000000000000000000e+00,7.871033567028888900e-01,3.204194933806974177e+00
-4.299541940930590833e+00,-2.871321180633876935e+01,2.903172155420579159e+01,-9.019901652223882849e-02,2.925762703544253496e-01,-4.874821084172015762e-01,5.469523921722181825e+00,4.910119804093434626e-01,1.000000000000000000e+00,7.871033567028888900e-01,3.204194933806974177e+00
-4.293700250308535082e+00,-2.871354988643926376e+01,2.903120356627014687e+01,-8.439386763708967010e-02,2.930974060353496169e-01,-4.885990776866107610e-01,5.469527280402902036e+00,4.910007136758395285e-01,1.000000000000000000e+00,7.871033567028888900e-01,3.204194933806974177e+00
-4.287858491024278962e+00,-2.871388678783910819e+01,2.903068440229462510e+01,-7.858882131085920264e-02,2.936185202313257858e-01,-4.897160677975656018e-01,5.469530415850249128e+00,4.909894264801267783e-01,1.000000000000000000e+00,7.871033567028888900e-01,3.204194933806974177e+00
-4.282016663318140459e+00,-2.871422251052445418e+01,2.903016406230059943e+01,-7.278387778235373418e-02,2.941396129209165600e-01,-4.908330787059742573e-01,5.469533328051866761e+00,4.909781188215414649e-01,1.000000000000000000e+00,7.871033567028888900e-01,3.204194933806974177e+00
-4.276174767429621326e+00,-2.871455705448152784e+01,2.902964254630938967e+01,-6.697903728956511316e-02,2.946606840827580842e-01,-4.919501103678953768e-01,5.469536016995411920e+00,4.909667906994190090e-01,1.000000000000000000e+00,7.871033567028888900e-01,3.204194933806974177e+00
-4.270332803598381410e+00,-2.871489041969661216e+01,2.902911985434240094e+01,-6.117430007063173747e-02,2.951817336954737914e-01,-4.930671627393526379e-01,5.469538482668537149e+00,4.909554421130955526e-01,1.000000000000000000e+00,7.871033567028888900e-01,3.204194933806974177e+00
-4.264663549876035908e+00,-2.871521279872733601e+01,2.902861149657846340e+01,-5.554133568590202685e-02,2.956873527536660884e-01,-4.941511982822525129e-01,5.469540661944932047e+00,4.909444095928624519e-01,1.000000000000000000e+00,7.871033567028888900e-01,3.204194933806974177e+00
-4.258821452871222490e+00,-2.871554384127943749e+01,2.902808648750203346e+01,-4.973680265837199244e-02,2.962083598427876496e-01,-4.952682913313707913e-01,5.469542687644316281e+00,4.909330206814245812e-01,1.000000000000000000e+00,7.871033567028888900e-01,3.204194933806974177e+00
-4.252979288635943433e+00,-2.871587370504904158e+01,2.902756030251368458e+01,-4.393237361239155092e-02,2.967293453192601516e-01,-4.963854049592956730e-01,5.469544490036675199e+00,4.909216113038198936e-01,1.000000000000000000e+00,7.871033567028888900e-01,3.204194933806974177e+00
-4.247137057410636629e+00,-2.871620239002258046e+01,2.902703294163508119e+01,-3.812804878684694643e-02,2.972503091616421345e-01,-4.975025391218809712e-01,5.469546069109698649e+00,4.909101814593892499e-01,1.000000000000000000e+00,7.871033567028888900e-01,3.204194933806974177e+00
-4.241294759434820705e+00,-2.871652989618656804e+01,2.902650440488783445e+01,-3.232382841970427023e-02,2.977712513485751278e-01,-4.986196937751510294e-01,5.469547424851085360e+00,4.908987311474724002e-01,1.000000000000000000e+00,7.871033567028888900e-01,3.204194933806974177e+00
-4.235452394948066690e+00,-2.871685622352758216e+01,2.902597469229361948e+01,-2.651971274897224617e-02,2.982921718586973858e-01,-4.997368688751154808e-01,5.469548557248542942e+00,4.908872603674104274e-01,1.000000000000000000e+00,7.871033567028888900e-01,3.204194933806974177e+00
-4.229782753788467353e+00,-2.871717177275071364e+01,2.902545952165945309e+01,-2.088735289038545773e-02,2.987976655104017110e-01,-5.008210232655149197e-01,5.469549442610376566e+00,4.908761092635260392e-01,1.000000000000000000e+00,7.871033567028888900e-01,3.204194933806974177e+00
-4.223940258949514082e+00,-2.871749577727001679e+01,2.902492749221048030e+01,-1.508344421412211034e-02,2.993185432453419614e-01,-5.019382385251112133e-01,5.469550134889382242e+00,4.908645981505916356e-01,1.000000000000000000e+00,7.871033567028888900e-01,3.204194933806974177e+00
-4.218097698312030630e+00,-2.871781860292669109e+01,2.902439428697927326e+01,-9.279640941993960723e-03,2.998393992399545627e-01,-5.030554741005509589e-01,5.469550603787991072e+00,4.908530665675599480e-01,1.000000000000000000e+00,7.871033567028888900e-01,3.204194933806974177e+00
-4.212255072116368737e+00,-2.871814024970746004e+01,2.902385990598776289e+01,-3.475943312757578951e-03,3.003602334728123213e-01,-5.041727299476743696e-01,5.469550849293942640e+00,4.908415145137767777e-01,1.000000000000000000e+00,7.871033567028888900e-01,3.204194933806974177e+00
-4.206412380602063017e+00,-2.871846071759913599e+01,2.902332434925786231e+01,2.327648435649365410e-03,3.008810459225624845e-01,-5.052900060224712053e-01,5.469550871394981861e+00,4.908299419885863157e-01,1.000000000000000000e+00,7.871033567028888900e-01,3.204194933806974177e+00
-4.200569624009061087e+00,-2.871878000658855967e+01,2.902278761681156638e+01,8.131134064885081614e-03,3.014018365678161615e-01,-5.064073022808490698e-01,5.469550670078867860e+00,4.908183489913353070e-01,1.000000000000000000e+00,7.871033567028888900e-01,3.204194933806974177e+00
-4.194899603708218905e+00,-2.871908872554237746e+01,2.902226563406098947e+01,1.376288115587165350e-02,3.019072040733772888e-01,-5.074915739949907856e-01,5.469550261101455924e+00,4.908070792810683147e-01,1.000000000000000000e+00,7.871033567028888900e-01,3.204194933806974177e+00
-4.189056719584324462e+00,-2.871940569155476908e+01,2.902172658501797642e+01,1.956615698812758097e-02,3.024279516919468058e-01,-5.086089098946191545e-01,5.469549619522740436e+00,4.907954459432413152e-01,1.000000000000000000e+00,7.871033567028888900e-01,3.204194933806974177e+00
-4.183213771094086653e+00,-2.871972147862612701e+01,2.902118636032415111e+01,2.536932599366892305e-02,3.029486774425281248e-01,-5.097262658468958429e-01,5.469548754490541675e+00,4.907837921314152640e-01,1.000000000000000000e+00,7.871033567028888900e-01,3.204194933806974177e+00
-4.177370758477205293e+00,-2.872003608674348385e+01,2.902064496000166471e+01,3.117238793442478340e-02,3.034693813037589449e-01,-5.108436418077535457e-01,5.469547665992648078e+00,4.907721178449389043e-01,1.000000000000000000e+00,7.871033567028888900e-01,3.204194933806974177e+00
-4.171527681974001034e+00,-2.872034951589390772e+01,2.902010238407278919e+01,3.697534257172030436e-02,3.039900632542229530e-01,-5.119610377330018336e-01,5.469546354016851630e+00,4.907604230831630332e-01,1.000000000000000000e+00,7.871033567028888900e-01,3.204194933806974177e+00
-4.165684541824075993e+00,-2.872066176606454846e+01,2.901955863255977874e+01,4.277818966759650010e-02,3.045107232725691726e-01,-5.130784535785822831e-01,5.469544818550959420e+00,4.907487078454380036e-01,1.000000000000000000e+00,7.871033567028888900e-01,3.204194933806974177e+00
-4.160014150679119282e+00,-2.872096365429728948e+01,2.901902983845662476e+01,4.840931574985951613e-02,3.050159638924659911e-01,-5.141628410914244052e-01,5.469543114811274975e+00,4.907373195062204041e-01,1.000000000000000000e+00,7.871033567028888900e-01,3.204194933806974177e+00
-4.154170885820053449e+00,-2.872127358133896635e+01,2.901848377060835560e+01,5.421195024629898995e-02,3.055365806326658662e-01,-5.152802960594253801e-01,5.469541138939195690e+00,4.907255639202718900e-01,1.000000000000000000e+00,7.871033567028888900e-01,3.204194933806974177e+00
-4.148327558026769779e+00,-2.872158232936292066e+01,2.901793652724238726e+01,6.001447649375002413e-02,3.060571753772625692e-01,-5.163977708167054592e-01,5.469538939540832700e+00,4.907137878564498124e-01,1.000000000000000000e+00,7.871033567028888900e-01,3.204194933806974177e+00
-4.142484167538831308e+00,-2.872188989835649764e+01,2.901738810838116223e+01,6.581689425432379892e-02,3.065777481049131170e-01,-5.175152653191931185e-01,5.469536516604024179e+00,4.907019913141078549e-01,1.000000000000000000e+00,7.871033567028888900e-01,3.204194933806974177e+00
-4.136640714596726554e+00,-2.872219628830703897e+01,2.901683851404725090e+01,7.161920328921755896e-02,3.070982987941928699e-01,-5.186327795226344239e-01,5.469533870116610075e+00,4.906901742926015886e-01,1.000000000000000000e+00,7.871033567028888900e-01,3.204194933806974177e+00
-4.130797199440022993e+00,-2.872250149920198226e+01,2.901628774426318458e+01,7.742140336054958993e-02,3.076188274237606768e-01,-5.197503133829464161e-01,5.469531000066442772e+00,4.906783367912858074e-01,1.000000000000000000e+00,7.871033567028888900e-01,3.204194933806974177e+00
-4.125126445748213300e+00,-2.872279655627190920e+01,2.901575213958121324e+01,8.305190019428376758e-02,3.081239404186942865e-01,-5.208348151683482863e-01,5.469528001143109996e+00,4.906668298007109130e-01,1.000000000000000000e+00,7.871033567028888900e-01,3.204194933806974177e+00
-4.119282808704250343e+00,-2.872309944388936032e+01,2.901519905372672881e+01,8.885388486408363207e-02,3.086444255187215657e-01,-5.219523876318604705e-01,5.469524690543733136e+00,4.906549519435788875e-01,1.000000000000000000e+00,7.871033567028888900e-01,3.204194933806974177e+00
-4.113439110158289225e+00,-2.872340115241413727e+01,2.901464479248939199e+01,9.465575986278285114e-02,3.091648884955630616e-01,-5.230699796210799279e-01,5.469521156345558133e+00,4.906430536047274305e-01,1.000000000000000000e+00,7.871033567028888900e-01,3.204194933806974177e+00
-4.107595350349906305e+00,-2.872370168183386596e+01,2.901408935589192950e+01,1.004575249525156977e-01,3.096853293278810093e-01,-5.241875910919007175e-01,5.469517398536470232e+00,4.906311347835142223e-01,1.000000000000000000e+00,7.871033567028888900e-01,3.204194933806974177e+00
-4.101751529519502171e+00,-2.872400103213619005e+01,2.901353274395718529e+01,1.062591798946117549e-01,3.102057479942657015e-01,-5.253052220000552497e-01,5.469513417104361785e+00,4.906191954793001075e-01,1.000000000000000000e+00,7.871033567028888900e-01,3.204194933806974177e+00
-4.095907647906713578e+00,-2.872429920330883135e+01,2.901297495670799265e+01,1.120607244511626632e-01,3.107261444733763200e-01,-5.264228723014162670e-01,5.469509212037128698e+00,4.906072356914442101e-01,1.000000000000000000e+00,7.871033567028888900e-01,3.204194933806974177e+00
-4.090063705751174616e+00,-2.872459619533955788e+01,2.901241599416721684e+01,1.178621583842707210e-01,3.112465187438734349e-01,-5.275405419518515160e-01,5.469504783322679309e+00,4.905952554193070969e-01,1.000000000000000000e+00,7.871033567028888900e-01,3.204194933806974177e+00
-4.084392539288058011e+00,-2.872488327653420370e+01,2.901187243917958014e+01,1.234919101505189687e-01,3.117514818024564316e-01,-5.286251752169648377e-01,5.469500271751529752e+00,4.905836098760585906e-01,1.000000000000000000e+00,7.871033567028888900e-01,3.204194933806974177e+00
-4.078548478540378497e+00,-2.872517794511831468e+01,2.901131116088191320e+01,1.292931254107037020e-01,3.122718122499600901e-01,-5.297428828638390819e-01,5.469495402321606470e+00,4.905715892393116007e-01,1.000000000000000000e+00,7.871033567028888900e-01,3.204194933806974177e+00
-4.072704357962550148e+00,-2.872547143452444374e+01,2.901074870736096045e+01,1.350942293400470007e-01,3.127921204253999998e-01,-5.308606097285160086e-01,5.469490309208588918e+00,4.905595481163894656e-01,1.000000000000000000e+00,7.871033567028888900e-01,3.204194933806974177e+00
-4.066860177794988651e+00,-2.872576374474051519e+01,2.901018507863987139e+01,1.408952216999050933e-01,3.133124063073717824e-01,-5.319783557666939444e-01,5.469484992400419188e+00,4.905474865066574153e-01,1.000000000000000000e+00,7.871033567028888900e-01,3.204194933806974177e+00
-4.061015938277341419e+00,-2.872605487575454575e+01,2.900962027474174576e+01,1.466961022523980418e-01,3.138326698745403376e-01,-5.330961209342118812e-01,5.469479451885042920e+00,4.905354044094795141e-01,1.000000000000000000e+00,7.871033567028888900e-01,3.204194933806974177e+00
-4.055171639649517878e+00,-2.872634482755458407e+01,2.900905429568978278e+01,1.524968707593998829e-01,3.143529111055486935e-01,-5.342139051868546318e-01,5.469473687650414639e+00,4.905233018242216025e-01,1.000000000000000000e+00,7.871033567028888900e-01,3.204194933806974177e+00
-4.049500128625619588e+00,-2.872662507666325027e+01,2.900850393183466025e+01,1.581259754205621704e-01,3.148577449373848869e-01,-5.352986494125954176e-01,5.469467879987988113e+00,4.905115375816081480e-01,1.000000000000000000e+00,7.871033567028888900e-01,3.204194933806974177e+00
-4.043655714227713638e+00,-2.872691270487551662e+01,2.900793563729796887e+01,1.639265224534369736e-01,3.153779420941623113e-01,-5.364164711416308240e-01,5.469461674896088255e+00,4.904993946242673375e-01,1.000000000000000000e+00,7.871033567028888900e-01,3.204194933806974177e+00
-4.037811241432273768e+00,-2.872719915383857270e+01,2.900736616767658660e+01,1.697269567335042417e-01,3.158981168513454452e-01,-5.375343118244190199e-01,5.469455246049203190e+00,4.904872311769666871e-01,1.000000000000000000e+00,7.871033567028888900e-01,3.204194933806974177e+00
-4.031966710478962490e+00,-2.872748442354067677e+01,2.900679552299386543e+01,1.755272780229089058e-01,3.164182691876038511e-01,-5.386521714167711306e-01,5.469448593435319417e+00,4.904750472390743132e-01,1.000000000000000000e+00,7.871033567028888900e-01,3.204194933806974177e+00
-4.026122121608210591e+00,-2.872776851397009068e+01,2.900622370327328170e+01,1.813274860830382806e-01,3.169383990815395347e-01,-5.397700498743457365e-01,5.469441717042434981e+00,4.904628428099609416e-01,1.000000000000000000e+00,7.871033567028888900e-01,3.204194933806974177e+00
-4.020277475059685024e+00,-2.872805142511516507e+01,2.900565070853828331e+01,1.871275806760448468e-01,3.174585065118237237e-01,-5.408879471529423055e-01,5.469434616858552367e+00,4.904506178889963541e-01,1.000000000000000000e+00,7.871033567028888900e-01,3.204194933806974177e+00
-4.014432771073003003e+00,-2.872833315696430034e+01,2.900507653881235726e+01,1.929275615641383723e-01,3.179785914571332528e-01,-5.420058632083649686e-01,5.469427292871681168e+00,4.904383724755509988e-01,1.000000000000000000e+00,7.871033567028888900e-01,3.204194933806974177e+00
-4.008760868278138823e+00,-2.872860542914730431e+01,2.900451822667690038e+01,1.985559003126637911e-01,3.184832734830354561e-01,-5.430907350438799464e-01,5.469419971506347622e+00,4.904264696246629085e-01,1.000000000000000000e+00,7.871033567028888900e-01,3.204194933806974177e+00
-4.002916051816926668e+00,-2.872888483724814890e+01,2.900394174178835627e+01,2.043556564560553568e-01,3.190033140608237727e-01,-5.442086879679253197e-01,5.469412206497372253e+00,4.904141838304813539e-01,1.000000000000000000e+00,7.871033567028888900e-01,3.204194933806974177e+00
-3.997071178630299926e+00,-2.872916306601883818e+01,2.900336408197903637e+01,2.101552981872654158e-01,3.195233320902180485e-01,-5.453266595372973091e-01,5.469404217649841193e+00,4.904018775419555221e-01,1.000000000000000000e+00,7.871033567028888900e-01,3.204194933806974177e+00
-3.991226248958656075e+00,-2.872944011544793597e+01,2.900278524727271900e+01,2.159548252677581104e-01,3.200433275498303365e-01,-5.464446497076309583e-01,5.469396004951803114e+00,4.903895507584611346e-01,1.000000000000000000e+00,7.871033567028888900e-01,3.204194933806974177e+00
-3.985381263041775757e+00,-2.872971598552407002e+01,2.900220523769313630e+01,2.217542374596148669e-01,3.205633004183283119e-01,-5.475626584346720005e-01,5.469387568391305798e+00,4.903772034793725254e-01,1.000000000000000000e+00,7.871033567028888900e-01,3.204194933806974177e+00
-3.979536221119291284e+00,-2.872999067623593206e+01,2.900162405326407722e+01,2.275535345250725427e-01,3.210832506743940828e-01,-5.486806856741909266e-01,5.469378907956409464e+00,4.903648357040650274e-01,1.000000000000000000e+00,7.871033567028888900e-01,3.204194933806974177e+00
-3.973691123431655647e+00,-2.873026418757222444e+01,2.900104169400944798e+01,2.333527162255584209e-01,3.216031782966383146e-01,-5.497987313817951360e-01,5.469370023635182321e+00,4.903524474319162496e-01,1.000000000000000000e+00,7.871033567028888900e-01,3.204194933806974177e+00
-3.968018840178157980e+00,-2.873052848228652678e+01,2.900047543470717315e+01,2.389802778360015090e-01,3.221077075100427511e-01,-5.508837287399995786e-01,5.469361188002419105e+00,4.903404059431752393e-01,1.000000000000000000e+00,7.871033567028888900e-01,3.204194933806974177e+00
-3.962173633310897003e+00,-2.873079966971868160e+01,2.899989076061654458e+01,2.447792315225232329e-01,3.226275904716415788e-01,-5.520018107080808534e-01,5.469351862495027916e+00,4.903279772817110138e-01,1.000000000000000000e+00,7.871033567028888900e-01,3.204194933806974177e+00
-3.956328371391224508e+00,-2.873106967774205600e+01,2.899930491177149605e+01,2.505780691369534630e-01,3.231474507360229675e-01,-5.531199110126410190e-01,5.469342313065909345e+00,4.903155281215588190e-01,1.000000000000000000e+00,7.871033567028888900e-01,3.204194933806974177e+00
-3.950483054658835425e+00,-2.873133850634557618e+01,2.899871788819605456e+01,2.563767904415010790e-01,3.236672882818691921e-01,-5.542380296094118197e-01,5.469332539703158247e+00,4.903030584620973187e-01,1.000000000000000000e+00,7.871033567028888900e-01,3.204194933806974177e+00
-3.944637683353372282e+00,-2.873160615551822161e+01,2.899812968991427908e+01,2.621753951984349129e-01,3.241871030878683557e-01,-5.553561664541304399e-01,5.469322542394888131e+00,4.902905683027070638e-01,1.000000000000000000e+00,7.871033567028888900e-01,3.204194933806974177e+00
-3.938792257715407086e+00,-2.873187262524897889e+01,2.899754031695038492e+01,2.679738831691067524e-01,3.247068951326268493e-01,-5.564743215023505440e-01,5.469312321129211618e+00,4.902780576427705483e-01,1.000000000000000000e+00,7.871033567028888900e-01,3.204194933806974177e+00
-3.932946777984586362e+00,-2.873213791552691987e+01,2.899694976932853052e+01,2.737722541157938672e-01,3.252266643948346636e-01,-5.575924947097969930e-01,5.469301875894251985e+00,4.902655264816690450e-01,1.000000000000000000e+00,7.871033567028888900e-01,3.204194933806974177e+00
-3.927274125585543896e+00,-2.873239423224539735e+01,2.899637556398881699e+01,2.793990273642603661e-01,3.257310397894829235e-01,-5.586776155017453283e-01,5.469291525432196543e+00,4.902533463257571777e-01,1.000000000000000000e+00,7.871033567028888900e-01,3.204194933806974177e+00
-3.921428539971040905e+00,-2.873265719846795463e+01,2.899578270186229645e+01,2.851971670273614201e-01,3.262507640979373513e-01,-5.597958243608249784e-01,5.469280638847791920e+00,4.902407747668385829e-01,1.000000000000000000e+00,7.871033567028888900e-01,3.204194933806974177e+00
-3.915582900976470437e+00,-2.873291898520549026e+01,2.899518866514996773e+01,2.909951889594561969e-01,3.267704655604646291e-01,-5.609140512474076745e-01,5.469269528258876356e+00,4.902281827049247420e-01,1.000000000000000000e+00,7.871033567028888900e-01,3.204194933806974177e+00
-3.909737208841797429e+00,-2.873317959244725728e+01,2.899459345387621667e+01,2.967930929225324199e-01,3.272901441557309332e-01,-5.620322961171372311e-01,5.469258193653605993e+00,4.902155701394008691e-01,1.000000000000000000e+00,7.871033567028888900e-01,3.204194933806974177e+00
-3.903891463806732354e+00,-2.873343902018256912e+01,2.899399706806545041e+01,3.025908786788411575e-01,3.278097998624261433e-01,-5.631505589257007616e-01,5.469246635020143188e+00,4.902029370696525667e-01,1.000000000000000000e+00,7.871033567028888900e-01,3.204194933806974177e+00
-3.898045666111758401e+00,-2.873369726840075344e+01,2.899339950774219687e+01,3.083885459898700887e-01,3.283294326591724710e-01,-5.642688396286322794e-01,5.469234852346660070e+00,4.901902834950677135e-01,1.000000000000000000e+00,7.871033567028888900e-01,3.204194933806974177e+00
-3.892199815996591372e+00,-2.873395433709122315e+01,2.899280077293097335e+01,3.141860946178796077e-01,3.288490425246616278e-01,-5.653871381816086839e-01,5.469222845621342977e+00,4.901776094150337437e-01,1.000000000000000000e+00,7.871033567028888900e-01,3.204194933806974177e+00
-3.886526805766444603e+00,-2.873420267530264383e+01,2.899221862269911298e+01,3.198120682814380444e-01,3.293532630945472106e-01,-5.664723803163804750e-01,5.469210979770797287e+00,4.901652905628951507e-01,1.000000000000000000e+00,7.871033567028888900e-01,3.204194933806974177e+00
-3.880680853063493974e+00,-2.873445741979112356e+01,2.899161757371913950e+01,3.256093823569536916e-01,3.298728277132871867e-01,-5.675907139116537214e-01,5.469198531533526975e+00,4.901525760766179407e-01,1.000000000000000000e+00,7.871033567028888900e-01,3.204194933806974177e+00
-3.874834848653180064e+00,-2.873471098472068164e+01,2.899101535032433219e+01,3.314065770425282942e-01,3.303923693374134496e-01,-5.687090652251310940e-01,5.469185859209360068e+00,4.901398410830773988e-01,1.000000000000000000e+00,7.871033567028888900e-01,3.204194933806974177e+00
-3.868988792775228447e+00,-2.873496337008092283e+01,2.899041195253939662e+01,3.372036521004395659e-01,3.309118879456209861e-01,-5.698274342124656222e-01,5.469172962786504222e+00,4.901270855816638461e-01,1.000000000000000000e+00,7.871033567028888900e-01,3.204194933806974177e+00
-3.863142685670133858e+00,-2.873521457586146610e+01,2.898980738038915206e+01,3.430006072922076044e-01,3.314313835165381694e-01,-5.709458208291582348e-01,5.469159842253183079e+00,4.901143095717699905e-01,1.000000000000000000e+00,7.871033567028888900e-01,3.204194933806974177e+00
-3.857296527577573908e+00,-2.873546460205200859e+01,2.898920163389838578e+01,3.487974423801687429e-01,3.319508560288665922e-01,-5.720642250308611843e-01,5.469146497597625611e+00,4.901015130527876518e-01,1.000000000000000000e+00,7.871033567028888900e-01,3.204194933806974177e+00
-3.851450318737380307e+00,-2.873571344864228649e+01,2.898859471309193481e+01,3.545941571265140979e-01,3.324703054612954123e-01,-5.731826467731908625e-01,5.469132928808067895e+00,4.900886960241097601e-01,1.000000000000000000e+00,7.871033567028888900e-01,3.204194933806974177e+00
-3.845604059390005158e+00,-2.873596111562207867e+01,2.898798661799477827e+01,3.603907512928290480e-01,3.329897317924601641e-01,-5.743010860116412042e-01,5.469119135872755777e+00,4.900758584851312438e-01,1.000000000000000000e+00,7.871033567028888900e-01,3.204194933806974177e+00
-3.839930653859716436e+00,-2.873620033009763830e+01,2.898739538449443387e+01,3.660157969089370411e-01,3.334937740934676431e-01,-5.753864643327024631e-01,5.469105536549269786e+00,4.900633810036801319e-01,1.000000000000000000e+00,7.871033567028888900e-01,3.204194933806974177e+00
-3.834084295693288347e+00,-2.873644567271349715e+01,2.898678497561826717e+01,3.718121527857132236e-01,3.340131548429871033e-01,-5.765049379160843701e-01,5.469091301917146097e+00,4.900505030489166192e-01,1.000000000000000000e+00,7.871033567028888900e-01,3.204194933806974177e+00
-3.828237887732558686e+00,-2.873668983568880719e+01,2.898617339252568215e+01,3.776083873756559406e-01,3.345325124279080464e-01,-5.776234288636130643e-01,5.469076843104398122e+00,4.900376045820575288e-01,1.000000000000000000e+00,7.871033567028888900e-01,3.204194933806974177e+00
-3.822391430217216168e+00,-2.873693281901356045e+01,2.898556063524175030e+01,3.834045004411321678e-01,3.350518468269379491e-01,-5.787419371309071581e-01,5.469062160099307235e+00,4.900246856024992881e-01,1.000000000000000000e+00,7.871033567028888900e-01,3.204194933806974177e+00
-3.816544923387106270e+00,-2.873717462267778089e+01,2.898494670379159999e+01,3.892004917443614431e-01,3.355711580187715759e-01,-5.798604626735494039e-01,5.469047252890153921e+00,4.900117461096393789e-01,1.000000000000000000e+00,7.871033567028888900e-01,3.204194933806974177e+00
-3.810698367482691751e+00,-2.873741524667153158e+01,2.898433159820050165e+01,3.949963610469593434e-01,3.360904459820502899e-01,-5.809790054470003184e-01,5.469032121465237317e+00,4.899987861028780589e-01,1.000000000000000000e+00,7.871033567028888900e-01,3.204194933806974177e+00
-3.804851762743719501e+00,-2.873765469098493952e+01,2.898371531849365823e+01,4.007921081112573169e-01,3.366097106954795137e-01,-5.820975654068514249e-01,5.469016765812858338e+00,4.899858055816139757e-01,1.000000000000000000e+00,7.871033567028888900e-01,3.204194933806974177e+00
-3.799178023635772838e+00,-2.873788592591126800e+01,2.898311614260931179e+01,4.064163300929237721e-01,3.371135960165194123e-01,-5.831830605828722813e-01,5.469001649911264806e+00,4.899731893425355311e-01,1.000000000000000000e+00,7.871033567028888900e-01,3.204194933806974177e+00
-3.793331323374332431e+00,-2.873812304572407328e+01,2.898249754946930778e+01,4.122118355995345595e-01,3.376328148554793018e-01,-5.843016542771134469e-01,5.468985852401239356e+00,4.899601683972246158e-01,1.000000000000000000e+00,7.871033567028888900e-01,3.204194933806974177e+00
-3.787484574991257791e+00,-2.873835898582747816e+01,2.898187778228884781e+01,4.180072181611436122e-01,3.381520103812749589e-01,-5.854202650256643548e-01,5.468969830629050399e+00,4.899471269356322489e-01,1.000000000000000000e+00,7.871033567028888900e-01,3.204194933806974177e+00
-3.781637778726301580e+00,-2.873859374621181573e+01,2.898125684109335864e+01,4.238024775401059152e-01,3.386711825726163583e-01,-5.865388927840945454e-01,5.468953584583033489e+00,4.899340649571609640e-01,1.000000000000000000e+00,7.871033567028888900e-01,3.204194933806974177e+00
-3.775790934819990952e+00,-2.873882732686742258e+01,2.898063472590838074e+01,4.295976134980121763e-01,3.391903314081456400e-01,-5.876575375078203489e-01,5.468937114251533060e+00,4.899209824612154041e-01,1.000000000000000000e+00,7.871033567028888900e-01,3.204194933806974177e+00
-3.769944043512083010e+00,-2.873905972778472417e+01,2.898001143675941904e+01,4.353926257972271507e-01,3.397094568665743330e-01,-5.887761991524005367e-01,5.468920419622899765e+00,4.899078794471994347e-01,1.000000000000000000e+00,7.871033567028888900e-01,3.204194933806974177e+00
-3.764097105042596425e+00,-2.873929094895417435e+01,2.897938697367206728e+01,4.411875141998615746e-01,3.402285589265921506e-01,-5.898948776733379251e-01,5.468903500685492247e+00,4.898947559145182540e-01,1.000000000000000000e+00,7.871033567028888900e-01,3.204194933806974177e+00
-3.758250119651292742e+00,-2.873952099036630159e+01,2.897876133667193344e+01,4.469822784682881966e-01,3.407476375669126201e-01,-5.910135730261794063e-01,5.468886357427676259e+00,4.898816118625770599e-01,1.000000000000000000e+00,7.871033567028888900e-01,3.204194933806974177e+00
-3.752403087578652929e+00,-2.873974985201163435e+01,2.897813452578473914e+01,4.527769183641741080e-01,3.412666927661862082e-01,-5.921322851663294307e-01,5.468868989837829098e+00,4.898684472907840481e-01,1.000000000000000000e+00,7.871033567028888900e-01,3.204194933806974177e+00
-3.746728935834162666e+00,-2.873997081716780500e+01,2.897752513039653621e+01,4.584000638810850070e-01,3.417703745866018661e-01,-5.932179276403081181e-01,5.468851921401486571e+00,4.898556524393242739e-01,1.000000000000000000e+00,7.871033567028888900e-01,3.204194933806974177e+00
-3.740881812481262170e+00,-2.874019735414348276e+01,2.897689600652797637e+01,4.641944580146537547e-01,3.422893835347449176e-01,-5.943366727284361550e-01,5.468834111748160254e+00,4.898424474329629574e-01,1.000000000000000000e+00,7.871033567028888900e-01,3.204194933806974177e+00
-3.735034643160052514e+00,-2.874042271132460868e+01,2.897626570884894903e+01,4.699887270690652485e-01,3.428083689785476063e-01,-5.954554344716221914e-01,5.468816077728320124e+00,4.898292219049923957e-01,1.000000000000000000e+00,7.871033567028888900e-01,3.204194933806974177e+00
-3.729187428110254388e+00,-2.874064688870193507e+01,2.897563423738527888e+01,4.757828708067668444e-01,3.433273308967326742e-01,-5.965742128253957999e-01,5.468797819330378118e+00,4.898159758548219500e-01,1.000000000000000000e+00,7.871033567028888900e-01,3.204194933806974177e+00
-3.723340167571743908e+00,-2.874086988626627104e+01,2.897500159216288296e+01,4.815768889900584604e-01,3.438462692680101518e-01,-5.976930077452499157e-01,5.468779336542747060e+00,4.898027092818619810e-01,1.000000000000000000e+00,7.871033567028888900e-01,3.204194933806974177e+00
-3.717492861785014480e+00,-2.874109170400844349e+01,2.897436777320778134e+01,4.873707813806382738e-01,3.443651840710364453e-01,-5.988118191865553497e-01,5.468760629353850433e+00,4.897894221855249031e-01,1.000000000000000000e+00,7.871033567028888900e-01,3.204194933806974177e+00
-3.711645510989843633e+00,-2.874131234191935746e+01,2.897373278054596213e+01,4.931645477409176692e-01,3.448840752845329094e-01,-5.999306471048144740e-01,5.468741697752125042e+00,4.897761145652227976e-01,1.000000000000000000e+00,7.871033567028888900e-01,3.204194933806974177e+00
-3.705798115426011119e+00,-2.874153179998996066e+01,2.897309661420345961e+01,4.989581878333146925e-01,3.454029428872213425e-01,-6.010494914555234436e-01,5.468722541726005026e+00,4.897627864203681347e-01,1.000000000000000000e+00,7.871033567028888900e-01,3.204194933806974177e+00
-3.700123612769815828e+00,-2.874174363961017420e+01,2.897247814024328605e+01,5.045803613030304113e-01,3.459064424968268936e-01,-6.021352618905263521e-01,5.468703737657774511e+00,4.897498328289990321e-01,1.000000000000000000e+00,7.871033567028888900e-01,3.204194933806974177e+00
-3.694276129695915234e+00,-2.874196077286734052e+01,2.897183966132733701e+01,5.103737518972484288e-01,3.464252635137840541e-01,-6.032541384895988568e-01,5.468684139386382981e+00,4.897364642403360113e-01,1.000000000000000000e+00,7.871033567028888900e-01,3.204194933806974177e+00
-3.688428602566319991e+00,-2.874217672625757913e+01,2.897120000880841317e+01,5.161670155171913521e-01,3.469440608566713991e-01,-6.043730313887581973e-01,5.468664316656312252e+00,4.897230751253820458e-01,1.000000000000000000e+00,7.871033567028888900e-01,3.204194933806974177e+00
-3.682581031621689593e+00,-2.874239149977201180e+01,2.897055918271284725e+01,5.219601519244339016e-01,3.474628345041378963e-01,-6.054919405433117907e-01,5.468644269456039098e+00,4.897096654835547680e-01,1.000000000000000000e+00,7.871033567028888900e-01,3.204194933806974177e+00
-3.676733417101758938e+00,-2.874260509340182068e+01,2.896991718306690089e+01,5.277531608814722830e-01,3.479815844349148368e-01,-6.066108659087384725e-01,5.468623997774042955e+00,4.896962353142707558e-01,1.000000000000000000e+00,7.871033567028888900e-01,3.204194933806974177e+00
-3.670885759246267810e+00,-2.874281750713825900e+01,2.896927400989690327e+01,5.335460421508058104e-01,3.485003106277346774e-01,-6.077298074405110828e-01,5.468603501598813033e+00,4.896827846169473641e-01,1.000000000000000000e+00,7.871033567028888900e-01,3.204194933806974177e+00
-3.665038058295879253e+00,-2.874302874097257998e+01,2.896862966322932209e+01,5.393387954940251916e-01,3.490190130612488839e-01,-6.088487650939200524e-01,5.468582780918850084e+00,4.896693133910043905e-01,1.000000000000000000e+00,7.871033567028888900e-01,3.204194933806974177e+00
-3.659190314490337492e+00,-2.874323879489612565e+01,2.896798414309057534e+01,5.451314206736390666e-01,3.495376917141919115e-01,-6.099677388244273413e-01,5.468561835722655751e+00,4.896558216358610216e-01,1.000000000000000000e+00,7.871033567028888900e-01,3.204194933806974177e+00
-3.653342528069436046e+00,-2.874344766890027714e+01,2.896733744950712719e+01,5.509239174521143312e-01,3.500563465652944406e-01,-6.110867285874792554e-01,5.468540665998749439e+00,4.896423093509370550e-01,1.000000000000000000e+00,7.871033567028888900e-01,3.204194933806974177e+00
-3.647667648174421018e+00,-2.874364923740036915e+01,2.896670875987296156e+01,5.565449793816661384e-01,3.505596395327639780e-01,-6.121726397518988394e-01,5.468519907688699000e+00,4.896291770604103699e-01,1.000000000000000000e+00,7.871033567028888900e-01,3.204194933806974177e+00
-3.641819778486422354e+00,-2.874385578643653716e+01,2.896605975418232504e+01,5.623372224586757895e-01,3.510782474217457039e-01,-6.132916609751836168e-01,5.468498295516145191e+00,4.896156243213977133e-01,1.000000000000000000e+00,7.871033567028888900e-01,3.204194933806974177e+00
-3.635971866896130056e+00,-2.874406115552798369e+01,2.896540957512598169e+01,5.681293364282424818e-01,3.515968314456465182e-01,-6.144106980984906929e-01,5.468476458781807992e+00,4.896020510508873325e-01,1.000000000000000000e+00,7.871033567028888900e-01,3.204194933806974177e+00
-3.630123913644065059e+00,-2.874426534466626393e+01,2.896475822273067990e+01,5.739213210521403319e-01,3.521153915831377601e-01,-6.155297510771069458e-01,5.468454397474235229e+00,4.895884572483038544e-01,1.000000000000000000e+00,7.871033567028888900e-01,3.204194933806974177e+00
-3.624275918970133681e+00,-2.874446835384300414e+01,2.896410569702314319e+01,5.797131760927598521e-01,3.526339278129458910e-01,-6.166488198664313858e-01,5.468432111581983612e+00,4.895748429130715174e-01,1.000000000000000000e+00,7.871033567028888900e-01,3.204194933806974177e+00
-3.618427883114347487e+00,-2.874467018304987320e+01,2.896345199803015191e+01,5.855049013123929669e-01,3.531524401137893232e-01,-6.177679044218374882e-01,5.468409601093616068e+00,4.895612080446153924e-01,1.000000000000000000e+00,7.871033567028888900e-01,3.204194933806974177e+00
-3.612579806316513764e+00,-2.874487083227859330e+01,2.896279712577850773e+01,5.912964964735429874e-01,3.536709284644058426e-01,-6.188870046987329232e-01,5.468386865997706181e+00,4.895475526423607171e-01,1.000000000000000000e+00,7.871033567028888900e-01,3.204194933806974177e+00
-3.606731688817209847e+00,-2.874507030152090792e+01,2.896214108029515089e+01,5.970879613379542761e-01,3.541893928434657335e-01,-6.200061206523717061e-01,5.468363906282831088e+00,4.895338767057356155e-01,1.000000000000000000e+00,7.871033567028888900e-01,3.204194933806974177e+00
-3.600883530856247461e+00,-2.874526859076864227e+01,2.896148386160698962e+01,6.028792956681390258e-01,3.547078332297086689e-01,-6.211252522381505159e-01,5.468340721937582138e+00,4.895201802341669350e-01,1.000000000000000000e+00,7.871033567028888900e-01,3.204194933806974177e+00
-3.595035332673387263e+00,-2.874546570001366064e+01,2.896082546974096061e+01,6.086704992266658287e-01,3.552262496018797622e-01,-6.222443994114694732e-01,5.468317312950554232e+00,4.895064632270826332e-01,1.000000000000000000e+00,7.871033567028888900e-01,3.204194933806974177e+00
-3.589360055482629264e+00,-2.874565585161566261e+01,2.896018542805401097e+01,6.142903039165337198e-01,3.557293109404728315e-01,-6.233304629052515144e-01,5.468294381494136935e+00,4.894931322635346915e-01,1.000000000000000000e+00,7.871033567028888900e-01,3.204194933806974177e+00
-3.583511778749009391e+00,-2.874585063572992283e+01,2.895952472460798788e+01,6.200812491026703732e-01,3.562476799323519017e-01,-6.244496406617631168e-01,5.468270529833946014e+00,4.894793747910848869e-01,1.000000000000000000e+00,7.871033567028888900e-01,3.204194933806974177e+00
-3.577663462506659009e+00,-2.874604423981757151e+01,2.895886284806452338e+01,6.258720628109517570e-01,3.567660248469431417e-01,-6.255688338731172360e-01,5.468246453498151638e+00,4.894655967814261488e-01,1.000000000000000000e+00,7.871033567028888900e-01,3.204194933806974177e+00
-3.571815106996167000e+00,-2.874623666387065413e+01,2.895819979845085967e+01,6.316627448031568726e-01,3.572843456629233305e-01,-6.266880424945354688e-01,5.468222152475384235e+00,4.894517982339915418e-01,1.000000000000000000e+00,7.871033567028888900e-01,3.204194933806974177e+00
-3.565966712457352639e+00,-2.874642790788127300e+01,2.895753557579417858e+01,6.374532948418298872e-01,3.578026423590376370e-01,-6.278072664813806325e-01,5.468197626754282226e+00,4.894379791482128539e-01,1.000000000000000000e+00,7.871033567028888900e-01,3.204194933806974177e+00
-3.560118279129987240e+00,-2.874661797184158374e+01,2.895687018012170455e+01,6.432437126895709234e-01,3.583209149140370031e-01,-6.289265057890196520e-01,5.468172876323492027e+00,4.894241395235225389e-01,1.000000000000000000e+00,7.871033567028888900e-01,3.204194933806974177e+00
-3.554269807254767155e+00,-2.874680685574377392e+01,2.895620361146083255e+01,6.490339981080723852e-01,3.588391633065919351e-01,-6.300457603726373756e-01,5.468147901171665382e+00,4.894102793593561596e-01,1.000000000000000000e+00,7.871033567028888900e-01,3.204194933806974177e+00
-3.548421297071465030e+00,-2.874699455958009153e+01,2.895553586983888650e+01,6.548241508599450533e-01,3.593573875154552066e-01,-6.311650301875897373e-01,5.468122701287468246e+00,4.893963986551477241e-01,1.000000000000000000e+00,7.871033567028888900e-01,3.204194933806974177e+00
-3.542572748819909023e+00,-2.874718108334284494e+01,2.895486695528324717e+01,6.606141707077557435e-01,3.598755875193763165e-01,-6.322843151892171276e-01,5.468097276659566575e+00,4.893824974103321290e-01,1.000000000000000000e+00,7.871033567028888900e-01,3.204194933806974177e+00
-3.536724162740644051e+00,-2.874736642702436029e+01,2.895419686782143032e+01,6.664040574133665018e-01,3.603937632970422023e-01,-6.334036153327173846e-01,5.468071627276643198e+00,4.893685756243473794e-01,1.000000000000000000e+00,7.871033567028888900e-01,3.204194933806974177e+00
-3.531048511413737323e+00,-2.874754516095230272e+01,2.895354547669357359e+01,6.720225819303276005e-01,3.608965909538728867e-01,-6.344898268466173663e-01,5.468046521575373298e+00,4.893550459327920543e-01,1.000000000000000000e+00,7.871033567028888900e-01,3.204194933806974177e+00
-3.525199851499808190e+00,-2.874772817934979230e+01,2.895287307818832190e+01,6.778122055942343849e-01,3.614147189333189458e-01,-6.356091566952845051e-01,5.468020429296386098e+00,4.893410836703215860e-01,1.000000000000000000e+00,7.871033567028888900e-01,3.204194933806974177e+00
-3.519351154471384913e+00,-2.874791001764358356e+01,2.895219950685874721e+01,6.836016954099051190e-01,3.619328226233232138e-01,-6.367285015529616787e-01,5.467994112228800496e+00,4.893271008650125209e-01,1.000000000000000000e+00,7.871033567028888900e-01,3.204194933806974177e+00
-3.513502420568302753e+00,-2.874809067582622291e+01,2.895152476273247544e+01,6.893910511399332641e-01,3.624509020026402406e-01,-6.378478613749619663e-01,5.467967570361324192e+00,4.893130975163042518e-01,1.000000000000000000e+00,7.871033567028888900e-01,3.204194933806974177e+00
-3.507653650030396975e+00,-2.874827015389029583e+01,2.895084884583716089e+01,6.951802725469149458e-01,3.629689570500252982e-01,-6.389672361165926739e-01,5.467940803682678208e+00,4.892990736236365046e-01,1.000000000000000000e+00,7.871033567028888900e-01,3.204194933806974177e+00
-3.501804843098275111e+00,-2.874844845182842690e+01,2.895017175620061778e+01,7.009693593926962230e-01,3.634869877441667119e-01,-6.400866257330080078e-01,5.467913812181591560e+00,4.892850291864517254e-01,1.000000000000000000e+00,7.871033567028888900e-01,3.204194933806974177e+00
-3.495956000011724463e+00,-2.874862556963329752e+01,2.894949349385060700e+01,7.067583114399367261e-01,3.640049940638262482e-01,-6.412060301795138306e-01,5.467886595846799480e+00,4.892709642041910834e-01,1.000000000000000000e+00,7.871033567028888900e-01,3.204194933806974177e+00
-3.490107121010688651e+00,-2.874880150729764949e+01,2.894881405881494985e+01,7.125471284511486481e-01,3.645229759877534059e-01,-6.423254494113813662e-01,5.467859154667047861e+00,4.892568786762973576e-01,1.000000000000000000e+00,7.871033567028888900e-01,3.204194933806974177e+00
-3.484258206335726804e+00,-2.874897626481424240e+01,2.894813345112159197e+01,7.183358101882451052e-01,3.650409334946437823e-01,-6.434448833837579373e-01,5.467831488631091474e+00,4.892427726022152701e-01,1.000000000000000000e+00,7.871033567028888900e-01,3.204194933806974177e+00
-3.478409256226683066e+00,-2.874914984217591396e+01,2.894745167079845061e+01,7.241243564138510891e-01,3.655588665632579226e-01,-6.445643320519235386e-01,5.467803597727691312e+00,4.892286459813889321e-01,1.000000000000000000e+00,7.871033567028888900e-01,3.204194933806974177e+00
-3.472733253924439545e+00,-2.874931715770043184e+01,2.894678893288783783e+01,7.297415778302118738e-01,3.660614584864213539e-01,-6.456506872713917433e-01,5.467776316691026928e+00,4.892149175076161982e-01,1.000000000000000000e+00,7.871033567028888900e-01,3.204194933806974177e+00
-3.466884234697844569e+00,-2.874948840963427799e+01,2.894610484206733503e+01,7.355298563451655447e-01,3.665793433390194256e-01,-6.467701647654698904e-01,5.467747982670290163e+00,4.892007503993441864e-01,1.000000000000000000e+00,7.871033567028888900e-01,3.204194933806974177e+00
-3.461035180750374973e+00,-2.874965848139217428e+01,2.894541957870032078e+01,7.413179986428080070e-01,3.670972036901890001e-01,-6.478896568223188046e-01,5.467719423748772734e+00,4.891865627426825180e-01,1.000000000000000000e+00,7.871033567028888900e-01,3.204194933806974177e+00
-3.455186092322136027e+00,-2.874982737296713964e+01,2.894473314281491838e+01,7.471060044855333260e-01,3.676150395186716380e-01,-6.490091633971475371e-01,5.467690639915272044e+00,4.891723545370790793e-01,1.000000000000000000e+00,7.871033567028888900e-01,3.204194933806974177e+00
-3.449336969652978091e+00,-2.874999508435225337e+01,2.894404553443927952e+01,7.528938736359975792e-01,3.681328508032328251e-01,-6.501286844452074387e-01,5.467661631158591717e+00,4.891581257819816453e-01,1.000000000000000000e+00,7.871033567028888900e-01,3.204194933806974177e+00
-3.443487812983522911e+00,-2.875016161554060901e+01,2.894335675360168736e+01,7.586816058560961196e-01,3.686506375225707122e-01,-6.512482199215975376e-01,5.467632397467543370e+00,4.891438764768410441e-01,1.000000000000000000e+00,7.871033567028888900e-01,3.204194933806974177e+00
-3.437638622553623513e+00,-2.875032696652538533e+01,2.894266680033039663e+01,7.644692009084970152e-01,3.691683996554528946e-01,-6.523677697815586374e-01,5.467602938830944836e+00,4.891296066211067162e-01,1.000000000000000000e+00,7.871033567028888900e-01,3.204194933806974177e+00
-3.431789398603084074e+00,-2.875049113729979666e+01,2.894197567465367982e+01,7.702566585559207368e-01,3.696861371806521301e-01,-6.534873339803356496e-01,5.467573255237623719e+00,4.891153162142287680e-01,1.000000000000000000e+00,7.871033567028888900e-01,3.204194933806974177e+00
-3.425940141372631587e+00,-2.875065412785708929e+01,2.894128337659999062e+01,7.760439785601822571e-01,3.702038500768605744e-01,-6.546069124729914090e-01,5.467543346676418281e+00,4.891010052556605259e-01,1.000000000000000000e+00,7.871033567028888900e-01,3.204194933806974177e+00
-3.420090851102072449e+00,-2.875081593819058057e+01,2.894058990619770810e+01,7.818311606840144812e-01,3.707215383228534833e-01,-6.557265052147598361e-01,5.467513213136172112e+00,4.890866737448543167e-01,1.000000000000000000e+00,7.871033567028888900e-01,3.204194933806974177e+00
-3.414241528031265460e+00,-2.875097656829363757e+01,2.893989526347526819e+01,7.876182046901050171e-01,3.712392018974020047e-01,-6.568461121608594189e-01,5.467482854605738574e+00,4.890723216812624119e-01,1.000000000000000000e+00,7.871033567028888900e-01,3.204194933806974177e+00
-3.408392172400840803e+00,-2.875113601815964870e+01,2.893919944846125247e+01,7.934051103403865213e-01,3.717568407792106733e-01,-6.579657332663555458e-01,5.467452271073977244e+00,4.890579490643403027e-01,1.000000000000000000e+00,7.871033567028888900e-01,3.204194933806974177e+00
-3.402715779318707501e+00,-2.875128962392822984e+01,2.893852309125667688e+01,7.990207369817090566e-01,3.722591469728003255e-01,-6.590522553104510850e-01,5.467422376914959692e+00,4.890439818634671476e-01,1.000000000000000000e+00,7.871033567028888900e-01,3.204194933806974177e+00
-3.396866360233935289e+00,-2.875144674820632318e+01,2.893782496641332003e+01,8.048073693177721921e-01,3.727767371372939786e-01,-6.601719041848914671e-01,5.467391350002345440e+00,4.890295687461495566e-01,1.000000000000000000e+00,7.871033567028888900e-01,3.204194933806974177e+00
-3.391016909302801530e+00,-2.875160269222807230e+01,2.893712566936336827e+01,8.105938625924049568e-01,3.732943025459313224e-01,-6.612915670855135097e-01,5.467360098055368489e+00,4.890151350738856650e-01,1.000000000000000000e+00,7.871033567028888900e-01,3.204194933806974177e+00
-3.385167426765171239e+00,-2.875175745598707877e+01,2.893642520013549557e+01,8.163802165683242684e-01,3.738118431774889450e-01,-6.624112439675085007e-01,5.467328621062920391e+00,4.890006808461322407e-01,1.000000000000000000e+00,7.871033567028888900e-01,3.204194933806974177e+00
-3.379317912860912099e+00,-2.875191103947700100e+01,2.893572355875843272e+01,8.221664310082519300e-01,3.743293590107442115e-01,-6.635309347860613993e-01,5.467296919013904244e+00,4.889862060623468842e-01,1.000000000000000000e+00,7.871033567028888900e-01,3.204194933806974177e+00
-3.373468367830660064e+00,-2.875206344269151870e+01,2.893502074526104195e+01,8.279525056741547928e-01,3.748468500244075408e-01,-6.646506394962051756e-01,5.467264991897230253e+00,4.889717107219900272e-01,1.000000000000000000e+00,7.871033567028888900e-01,3.204194933806974177e+00
-3.367618791914233967e+00,-2.875221466562438621e+01,2.893431675967213579e+01,8.337384403288163881e-01,3.753643161972631259e-01,-6.657703580531243448e-01,5.467232839701821057e+00,4.889571948245208244e-01,1.000000000000000000e+00,7.871033567028888900e-01,3.204194933806974177e+00
-3.361769185351607181e+00,-2.875236470826939694e+01,2.893361160202059068e+01,8.395242347348754741e-01,3.758817575080822260e-01,-6.668900904119673401e-01,5.467200462416600182e+00,4.889426583693995965e-01,1.000000000000000000e+00,7.871033567028888900e-01,3.204194933806974177e+00
-3.355919548383369033e+00,-2.875251357062037627e+01,2.893290527233541098e+01,8.453098886543641832e-01,3.763991739355829758e-01,-6.680098365277605810e-01,5.467167860030507143e+00,4.889281013560891065e-01,1.000000000000000000e+00,7.871033567028888900e-01,3.204194933806974177e+00
-3.350069881249392534e+00,-2.875266125267122419e+01,2.893219777064556197e+01,8.510954018500362928e-01,3.769165654585478475e-01,-6.691295963556611603e-01,5.467135032532483230e+00,4.889135237840508963e-01,1.000000000000000000e+00,7.871033567028888900e-01,3.204194933806974177e+00
-3.344220184189501399e+00,-2.875280775441589043e+01,2.893148909698005866e+01,8.568807740846979826e-01,3.774339320557651978e-01,-6.702493698508318332e-01,5.467101979911479503e+00,4.888989256527474514e-01,1.000000000000000000e+00,7.871033567028888900e-01,3.204194933806974177e+00
-3.338370457444443051e+00,-2.875295307584833893e+01,2.893077925136805106e+01,8.626660051202477142e-01,3.779512737059422256e-01,-6.713691569682518345e-01,5.467068702156464788e+00,4.888843069616444215e-01,1.000000000000000000e+00,7.871033567028888900e-01,3.204194933806974177e+00
-3.332693706971467495e+00,-2.875309297095745364e+01,2.893008927884790182e+01,8.682800039549172233e-01,3.784532912153485973e-01,-6.724558396008971650e-01,5.467036193328506322e+00,4.888701009580054269e-01,1.000000000000000000e+00,7.871033567028888900e-01,3.204194933806974177e+00
-3.326843922435894108e+00,-2.875323596665556281e+01,2.892937712408819095e+01,8.740649560740361146e-01,3.789705836471757849e-01,-6.735756534286780894e-01,5.467002471931473373e+00,4.888554417537868679e-01,1.000000000000000000e+00,7.871033567028888900e-01,3.204194933806974177e+00
-3.320994108928403410e+00,-2.875337778202387895e+01,2.892866379746867267e+01,8.798497662886788362e-01,3.794878510688872719e-01,-6.746954807453058311e-01,5.466968525367684073e+00,4.888407619881812161e-01,1.000000000000000000e+00,7.871033567028888900e-01,3.204194933806974177e+00
-3.315144266688875074e+00,-2.875351841705658629e+01,2.892794929901859291e+01,8.856344343616302517e-01,3.800050934592718588e-01,-6.758153215059063967e-01,5.466934353626134779e+00,4.888260616606550091e-01,1.000000000000000000e+00,7.871033567028888900e-01,3.204194933806974177e+00
-3.309294395957447676e+00,-2.875365787174791166e+01,2.892723362876729354e+01,8.914189600554269788e-01,3.805223107970962526e-01,-6.769351756655487273e-01,5.466899956695825402e+00,4.888113407706761726e-01,1.000000000000000000e+00,7.871033567028888900e-01,3.204194933806974177e+00
-3.303444496973952482e+00,-2.875379614609213874e+01,2.892651678674410576e+01,8.972033431329178299e-01,3.810395030611560818e-01,-6.780550431793567201e-01,5.466865334565762957e+00,4.887965993177127433e-01,1.000000000000000000e+00,7.871033567028888900e-01,3.204194933806974177e+00
-3.297594569979144463e+00,-2.875393324008357610e+01,2.892579877297853841e+01,9.029875833560438991e-01,3.815566702301658175e-01,-6.791749240022718626e-01,5.466830487224973112e+00,4.887818373012360329e-01,1.000000000000000000e+00,7.871033567028888900e-01,3.204194933806974177e+00
-3.291744615212858438e+00,-2.875406915371660688e+01,2.892507958750002928e+01,9.087716804876633248e-01,3.820738122829229200e-01,-6.802948180894062835e-01,5.466795414662480646e+00,4.887670547207157989e-01,1.000000000000000000e+00,7.871033567028888900e-01,3.204194933806974177e+00
-3.285894632914979852e+00,-2.875420388698564977e+01,2.892435923033806233e+01,9.145556342905898362e-01,3.825909291982210192e-01,-6.814147253958571238e-01,5.466760116867319219e+00,4.887522515756225761e-01,1.000000000000000000e+00,7.871033567028888900e-01,3.204194933806974177e+00
-3.280044623326165087e+00,-2.875433743988517321e+01,2.892363770152228142e+01,9.203394445268862079e-01,3.831080209547872428e-01,-6.825346458765686464e-01,5.466724593828540257e+00,4.887374278654299520e-01,1.000000000000000000e+00,7.871033567028888900e-01,3.204194933806974177e+00
-3.274194586686252517e+00,-2.875446981240969180e+01,2.892291500108225577e+01,9.261231109594261213e-01,3.836250875314215492e-01,-6.836545794866368819e-01,5.466688845535191632e+00,4.887225835896099047e-01,1.000000000000000000e+00,7.871033567028888900e-01,3.204194933806974177e+00
-3.268344523235231947e+00,-2.875460100455377699e+01,2.892219112904764344e+01,9.319066333509420375e-01,3.841421289069121836e-01,-6.847745261811225559e-01,5.466652871976330985e+00,4.887077187476357998e-01,1.000000000000000000e+00,7.871033567028888900e-01,3.204194933806974177e+00
-3.262494433213714018e+00,-2.875473101631203932e+01,2.892146608544821262e+01,9.376900114635620120e-01,3.846591450599936568e-01,-6.858944859149633810e-01,5.466616673141037275e+00,4.886928333389836676e-01,1.000000000000000000e+00,7.871033567028888900e-01,3.204194933806974177e+00
-3.256644316861589949e+00,-2.875485984767913905e+01,2.892073987031369597e+01,9.434732450601286402e-01,3.851761359694645392e-01,-6.870144586432285205e-01,5.466580249018381465e+00,4.886779273631278731e-01,1.000000000000000000e+00,7.871033567028888900e-01,3.204194933806974177e+00
-3.250967191511360710e+00,-2.875498374033825755e+01,2.892003401279017183e+01,9.490853023584451265e-01,3.856778128277137396e-01,-6.881013207969899348e-01,5.466544686729439384e+00,4.886634425640540846e-01,1.000000000000000000e+00,7.871033567028888900e-01,3.204194933806974177e+00
-3.245117023979543713e+00,-2.875511024581742703e+01,2.891930548932066714e+01,9.548682505021819367e-01,3.861947539344313118e-01,-6.892213189981427623e-01,5.466507818662958762e+00,4.886484960605299022e-01,1.000000000000000000e+00,7.871033567028888900e-01,3.204194933806974177e+00
-3.239266830830468180e+00,-2.875523557088987303e+01,2.891857579440477721e+01,9.606510534246961441e-01,3.867116697345014953e-01,-6.903413300600792502e-01,5.466470725276726839e+00,4.886335289882488553e-01,1.000000000000000000e+00,7.871033567028888900e-01,3.204194933806974177e+00
-3.233416612303979587e+00,-2.875535971555045478e+01,2.891784492807240881e+01,9.664337108889022865e-01,3.872285602067316312e-01,-6.914613539378565710e-01,5.466433406559847441e+00,4.886185413466884730e-01,1.000000000000000000e+00,7.871033567028888900e-01,3.204194933806974177e+00
-3.227566368640846672e+00,-2.875548267979405992e+01,2.891711289035363208e+01,9.722162226568138443e-01,3.877454253298488474e-01,-6.925813905863498210e-01,5.466395862501447489e+00,4.886035331353301148e-01,1.000000000000000000e+00,7.871033567028888900e-01,3.204194933806974177e+00
-3.221716100080915357e+00,-2.875560446361564715e+01,2.891637968127847458e+01,9.779985884913600103e-01,3.882622650826629274e-01,-6.937014399606057369e-01,5.466358093090653902e+00,4.885885043536530858e-01,1.000000000000000000e+00,7.871033567028888900e-01,3.204194933806974177e+00
-3.215865806864034226e+00,-2.875572506701023201e+01,2.891564530087698870e+01,9.837808081554793027e-01,3.887790794439845987e-01,-6.948215020156651711e-01,5.466320098316601594e+00,4.885734550011378574e-01,1.000000000000000000e+00,7.871033567028888900e-01,3.204194933806974177e+00
-3.210015489230974683e+00,-2.875584448997284781e+01,2.891490974917940449e+01,9.895628814111998572e-01,3.892958683925442087e-01,-6.959415767063866776e-01,5.466281878168437913e+00,4.885583850772678427e-01,1.000000000000000000e+00,7.871033567028888900e-01,3.204194933806974177e+00
-3.204165147421586646e+00,-2.875596273249859181e+01,2.891417302621586671e+01,9.953448080214681859e-01,3.898126319071544277e-01,-6.970616639877998955e-01,5.466243432635311983e+00,4.885432945815247896e-01,1.000000000000000000e+00,7.871033567028888900e-01,3.204194933806974177e+00
-3.198314781675771989e+00,-2.875607979458262520e+01,2.891343513201660542e+01,1.001126587749191277e+00,3.903293699666247063e-01,-6.981817638149199201e-01,5.466204761706388027e+00,4.885281835133920003e-01,1.000000000000000000e+00,7.871033567028888900e-01,3.204194933806974177e+00
-3.192464392234203530e+00,-2.875619567622011985e+01,2.891269606661194658e+01,1.006908220356513617e+00,3.908460825496972713e-01,-6.993018761426081920e-01,5.466165865370839150e+00,4.885130518723548865e-01,1.000000000000000000e+00,7.871033567028888900e-01,3.204194933806974177e+00
-3.186613979336784919e+00,-2.875631037740633644e+01,2.891195583003222325e+01,1.012689705606354629e+00,3.913627696351837382e-01,-7.004220009258680379e-01,5.466126743617837569e+00,4.884978996578979160e-01,1.000000000000000000e+00,7.871033567028888900e-01,3.204194933806974177e+00
-3.180763543223421141e+00,-2.875642389813656408e+01,2.891121442230777916e+01,1.018471043261635067e+00,3.918794312018966108e-01,-7.015421381196982331e-01,5.466087396436575041e+00,4.884827268695067226e-01,1.000000000000000000e+00,7.871033567028888900e-01,3.204194933806974177e+00
-3.174913084134735275e+00,-2.875653623840613449e+01,2.891047184346910370e+01,1.024252233084572250e+00,3.923960672285858320e-01,-7.026622876789531125e-01,5.466047823816245099e+00,4.884675335066691049e-01,1.000000000000000000e+00,7.871033567028888900e-01,3.204194933806974177e+00
-3.169062602310737997e+00,-2.875664739821044336e+01,2.890972809354667561e+01,1.030033274837999002e+00,3.929126776940570775e-01,-7.037824495586008089e-01,5.466008025746054599e+00,4.884523195688725283e-01,1.000000000000000000e+00,7.871033567028888900e-01,3.204194933806974177e+00
-3.163212097991542127e+00,-2.875675737754492189e+01,2.890898317257099848e+01,1.035814168284650894e+00,3.934292625771075858e-01,-7.049026237135832540e-01,5.465968002215212174e+00,4.884370850556052357e-01,1.000000000000000000e+00,7.871033567028888900e-01,3.204194933806974177e+00
-3.157361571417055313e+00,-2.875686617640506881e+01,2.890823708057263630e+01,1.041594913187476212e+00,3.939458218565544123e-01,-7.060228100988762412e-01,5.465927753212937112e+00,4.884218299663556917e-01,1.000000000000000000e+00,7.871033567028888900e-01,3.204194933806974177e+00
-3.151684051873778092e+00,-2.875697062893560485e+01,2.890751193453004575e+01,1.047204551543137629e+00,3.944470795059151214e-01,-7.071098788600220786e-01,5.465888478988532917e+00,4.884070063704648579e-01,1.000000000000000000e+00,7.871033567028888900e-01,3.204194933806974177e+00
-3.145833482150514726e+00,-2.875707710174631515e+01,2.890676353520882103e+01,1.052985003056249536e+00,3.949635882732526748e-01,-7.082300892121548008e-01,5.465847785680157500e+00,4.883917107362921173e-01,1.000000000000000000e+00,7.871033567028888900e-01,3.204194933806974177e+00
-3.139982890885307576e+00,-2.875718239406956656e+01,2.890601396495601705e+01,1.058765305320716887e+00,3.954800713740064255e-01,-7.093503116606898473e-01,5.465806866868381242e+00,4.883763945246252236e-01,1.000000000000000000e+00,7.871033567028888900e-01,3.204194933806974177e+00
-3.134132278318941367e+00,-2.875728650590102120e+01,2.890526322380247848e+01,1.064545458098645536e+00,3.959965287869199879e-01,-7.104705461604141625e-01,5.465765722542458960e+00,4.883610577349578041e-01,1.000000000000000000e+00,7.871033567028888900e-01,3.204194933806974177e+00
-3.128281644691276675e+00,-2.875738943723641228e+01,2.890451131177897892e+01,1.070325461153065039e+00,3.965129604908199656e-01,-7.115907926662869976e-01,5.465724352691656129e+00,4.883457003667829310e-01,1.000000000000000000e+00,7.871033567028888900e-01,3.204194933806974177e+00
-3.122430990242229143e+00,-2.875749118807152271e+01,2.890375822891636659e+01,1.076105314246956102e+00,3.970293664645291321e-01,-7.127110511332511722e-01,5.465682757305240003e+00,4.883303224195940095e-01,1.000000000000000000e+00,7.871033567028888900e-01,3.204194933806974177e+00
-3.116580315212481356e+00,-2.875759175840216031e+01,2.890300397524561049e+01,1.081885017142547589e+00,3.975457466868037582e-01,-7.138313215160972947e-01,5.465640936372493819e+00,4.883149238928873315e-01,1.000000000000000000e+00,7.871033567028888900e-01,3.204194933806974177e+00
-3.110729619841898774e+00,-2.875769114822420747e+01,2.890224855079763344e+01,1.087664569602885045e+00,3.980621011364732231e-01,-7.149516037697677406e-01,5.465598889882702593e+00,4.882995047861579674e-01,1.000000000000000000e+00,7.871033567028888900e-01,3.204194933806974177e+00
-3.104878904370499626e+00,-2.875778935753358567e+01,2.890149195560343642e+01,1.093443971390868796e+00,3.985784297923548603e-01,-7.160718978491695808e-01,5.465556617825162888e+00,4.882840650989024311e-01,1.000000000000000000e+00,7.871033567028888900e-01,3.204194933806974177e+00
-3.099028169038920311e+00,-2.875788638632625549e+01,2.890073418969413055e+01,1.099223222268794764e+00,3.990947326332122680e-01,-7.171922037090863178e-01,5.465514120189181924e+00,4.882686048306190685e-01,1.000000000000000000e+00,7.871033567028888900e-01,3.204194933806974177e+00
-3.093177414087078247e+00,-2.875798223459823788e+01,2.889997525310078785e+01,1.105002321999677850e+00,3.996110096378737708e-01,-7.183125213044343482e-01,5.465471396964070472e+00,4.882531239808057255e-01,1.000000000000000000e+00,7.871033567028888900e-01,3.204194933806974177e+00
-3.087326639754892632e+00,-2.875807690234559999e+01,2.889921514585452655e+01,1.110781270346534733e+00,4.001272607851685259e-01,-7.194328505901237403e-01,5.465428448139149076e+00,4.882376225489607480e-01,1.000000000000000000e+00,7.871033567028888900e-01,3.204194933806974177e+00
-3.081475846283001196e+00,-2.875817038956445160e+01,2.889845386798661764e+01,1.116560067071685758e+00,4.006434860538637399e-01,-7.205531915209221205e-01,5.465385273703752489e+00,4.882221005345854792e-01,1.000000000000000000e+00,7.871033567028888900e-01,3.204194933806974177e+00
-3.075625033911427497e+00,-2.875826269625095577e+01,2.889769141952828591e+01,1.122338711938057898e+00,4.011596854227815756e-01,-7.216735440517093592e-01,5.465341873647219018e+00,4.882065579371804298e-01,1.000000000000000000e+00,7.871033567028888900e-01,3.204194933806974177e+00
-3.069774202880040992e+00,-2.875835382240132887e+01,2.889692780051079168e+01,1.128117204708741994e+00,4.016758588707590727e-01,-7.227939081373891961e-01,5.465298247958890521e+00,4.881909947562461105e-01,1.000000000000000000e+00,7.871033567028888900e-01,3.204194933806974177e+00
-3.063923353429533591e+00,-2.875844376801182278e+01,2.889616301096555162e+01,1.133895545146020201e+00,4.021920063765619946e-01,-7.239142837327026125e-01,5.465254396628127509e+00,4.881754109912863626e-01,1.000000000000000000e+00,7.871033567028888900e-01,3.204194933806974177e+00
-3.058072485799827600e+00,-2.875853253307874979e+01,2.889539705092392197e+01,1.139673733012946499e+00,4.027081279190247720e-01,-7.250346707925328094e-01,5.465210319644293158e+00,4.881598066418040838e-01,1.000000000000000000e+00,7.871033567028888900e-01,3.204194933806974177e+00
-3.052221600230846654e+00,-2.875862011759846482e+01,2.889462992041731937e+01,1.145451768072574428e+00,4.032242234769833344e-01,-7.261550692717573252e-01,5.465166016996758636e+00,4.881441817073023381e-01,1.000000000000000000e+00,7.871033567028888900e-01,3.204194933806974177e+00
-3.046370696963285329e+00,-2.875870652156736895e+01,2.889386161947729192e+01,1.151229650087207901e+00,4.037402930292062209e-01,-7.272754791251007100e-01,5.465121488674904882e+00,4.881285361872874651e-01,1.000000000000000000e+00,7.871033567028888900e-01,3.204194933806974177e+00
-3.040692816223331096e+00,-2.875878924145859372e+01,2.889311492188192787e+01,1.156836505921428504e+00,4.042410750505425199e-01,-7.283627639267457043e-01,5.465078061497062656e+00,4.881133336984386228e-01,1.000000000000000000e+00,7.871033567028888900e-01,3.204194933806974177e+00
-3.034841878784169111e+00,-2.875887331923009071e+01,2.889234431478262621e+01,1.162614085678986608e+00,4.047570932984793646e-01,-7.294831960598544551e-01,5.465033088469799516e+00,4.880976476147623755e-01,1.000000000000000000e+00,7.871033567028888900e-01,3.204194933806974177e+00
-3.028990924359869830e+00,-2.875895621644038513e+01,2.889157253734373043e+01,1.168391511687032480e+00,4.052730854777558678e-01,-7.306036394328545569e-01,5.464987889736725002e+00,4.880819409441072287e-01,1.000000000000000000e+00,7.871033567028888900e-01,3.204194933806974177e+00
-3.023139953190359552e+00,-2.875903793308607348e+01,2.889079958959689165e+01,1.174168783708653407e+00,4.057890515672129550e-01,-7.317240940005970140e-01,5.464942465287255580e+00,4.880662136859807432e-01,1.000000000000000000e+00,7.871033567028888900e-01,3.204194933806974177e+00
-3.017288965515823040e+00,-2.875911846916380199e+01,2.889002547157382850e+01,1.179945901506690653e+00,4.063049915456700689e-01,-7.328445597178774307e-01,5.464896815110811268e+00,4.880504658398922557e-01,1.000000000000000000e+00,7.871033567028888900e-01,3.204194933806974177e+00
-3.011437961576137301e+00,-2.875919782467027375e+01,2.888925018330629158e+01,1.185722864844295898e+00,4.068209053919750184e-01,-7.339650365395453679e-01,5.464850939196824520e+00,4.880346974053505482e-01,1.000000000000000000e+00,7.871033567028888900e-01,3.204194933806974177e+00
-3.005586941612103935e+00,-2.875927599960221670e+01,2.888847372482618425e+01,1.191499673483714439e+00,4.073367930848948437e-01,-7.350855244202670891e-01,5.464804837534737558e+00,4.880189083818677331e-01,1.000000000000000000e+00,7.871033567028888900e-01,3.204194933806974177e+00
-2.999735905863601282e+00,-2.875935299395642630e+01,2.888769609616533174e+01,1.197276327188109946e+00,4.078526546032794631e-01,-7.362060233148818300e-01,5.464758510113998824e+00,4.880030987689549793e-01,1.000000000000000000e+00,7.871033567028888900e-01,3.204194933806974177e+00
-2.993884854570559195e+00,-2.875942880772974775e+01,2.888691729735563030e+01,1.203052825720603458e+00,4.083684899259751866e-01,-7.373265331782119514e-01,5.464711956924062086e+00,4.879872685661236220e-01,1.000000000000000000e+00,7.871033567028888900e-01,3.204194933806974177e+00
-2.988033787973678912e+00,-2.875950344091906175e+01,2.888613732842911475e+01,1.208829168843561064e+00,4.088842990317616000e-01,-7.384470539649278242e-01,5.464665177954397990e+00,4.879714177728882163e-01,1.000000000000000000e+00,7.871033567028888900e-01,3.204194933806974177e+00
-2.982182706312892062e+00,-2.875957689352130586e+01,2.888535618941777017e+01,1.214605356320114016e+00,4.094000818994870117e-01,-7.395675856298418172e-01,5.464618173194475403e+00,4.879555463887620959e-01,1.000000000000000000e+00,7.871033567028888900e-01,3.204194933806974177e+00
-2.976331609828079205e+00,-2.875964916553347450e+01,2.888457388035362428e+01,1.220381387913453519e+00,4.099158385080058919e-01,-7.406881281277705176e-01,5.464570942633779183e+00,4.879396544132592606e-01,1.000000000000000000e+00,7.871033567028888900e-01,3.204194933806974177e+00
-2.970480498760045940e+00,-2.875972025695258694e+01,2.888379040126886821e+01,1.226157263385862173e+00,4.104315688360916647e-01,-7.418086814133478812e-01,5.464523486261803953e+00,4.879237418458971520e-01,1.000000000000000000e+00,7.871033567028888900e-01,3.204194933806974177e+00
-2.964629373348674157e+00,-2.875979016777572994e+01,2.888300575219562205e+01,1.231932982500543616e+00,4.109472728626004656e-01,-7.429292454413797264e-01,5.464475804068047005e+00,4.879078086861912134e-01,1.000000000000000000e+00,7.871033567028888900e-01,3.204194933806974177e+00
-2.958778233833898152e+00,-2.875985889800003292e+01,2.888221993316606273e+01,1.237708545020653972e+00,4.114629505663852660e-01,-7.440498201666562172e-01,5.464427896042011845e+00,4.878918549336579980e-01,1.000000000000000000e+00,7.871033567028888900e-01,3.204194933806974177e+00
-2.952927080456422271e+00,-2.875992644762268213e+01,2.888143294421252349e+01,1.243483950708600627e+00,4.119786019262323684e-01,-7.451704055438149732e-01,5.464379762173222410e+00,4.878758805878172233e-01,1.000000000000000000e+00,7.871033567028888900e-01,3.204194933806974177e+00
-2.947075913456130181e+00,-2.875999281664089224e+01,2.888064478536726298e+01,1.249259199327602765e+00,4.124942269210007395e-01,-7.462910015276452702e-01,5.464331402451199082e+00,4.878598856481868862e-01,1.000000000000000000e+00,7.871033567028888900e-01,3.204194933806974177e+00
-2.941224733073060538e+00,-2.876005800505194898e+01,2.887985545666261089e+01,1.255034290640737904e+00,4.130098255295376886e-01,-7.474116080729014122e-01,5.464282816865477344e+00,4.878438701142865375e-01,1.000000000000000000e+00,7.871033567028888900e-01,3.204194933806974177e+00
-2.935373539547867061e+00,-2.876012201285317005e+01,2.887906495813104257e+01,1.260809224410480933e+00,4.135253977306369566e-01,-7.485322251342143574e-01,5.464234005405598893e+00,4.878278339856376711e-01,1.000000000000000000e+00,7.871033567028888900e-01,3.204194933806974177e+00
-2.929522333120488042e+00,-2.876018484004192999e+01,2.887827328980496944e+01,1.266584000400022170e+00,4.140409435031567886e-01,-7.496528526663471803e-01,5.464184968061118752e+00,4.878117772617613923e-01,1.000000000000000000e+00,7.871033567028888900e-01,3.204194933806974177e+00
-2.923671114030859997e+00,-2.876024648661565308e+01,2.887748045171684907e+01,1.272358618372556816e+00,4.145564628259563733e-01,-7.507734906240579598e-01,5.464135704821588391e+00,4.877956999421791950e-01,1.000000000000000000e+00,7.871033567028888900e-01,3.204194933806974177e+00
-2.917819882519639751e+00,-2.876030695257180270e+01,2.887668644389929540e+01,1.278133078090580632e+00,4.150719556778327823e-01,-7.518941389619606674e-01,5.464086215676579705e+00,4.877796020264154042e-01,1.000000000000000000e+00,7.871033567028888900e-01,3.204194933806974177e+00
-2.911968638826867739e+00,-2.876036623790790259e+01,2.887589126638488324e+01,1.283907379317202224e+00,4.155874220376385986e-01,-7.530147976347828509e-01,5.464036500615672587e+00,4.877634835139935121e-01,1.000000000000000000e+00,7.871033567028888900e-01,3.204194933806974177e+00
-2.906117383192432069e+00,-2.876042434262151204e+01,2.887509491920620519e+01,1.289681521815686960e+00,4.161028618842405047e-01,-7.541354665972753724e-01,5.463986559628443374e+00,4.877473444044373441e-01,1.000000000000000000e+00,7.871033567028888900e-01,3.204194933806974177e+00
-2.900266115857041527e+00,-2.876048126671025429e+01,2.887429740239603859e+01,1.295455505348499958e+00,4.166182751964347397e-01,-7.552561458040271125e-01,5.463936392704492384e+00,4.877311846972741116e-01,1.000000000000000000e+00,7.871033567028888900e-01,3.204194933806974177e+00
-2.894414837060635737e+00,-2.876053701017178454e+01,2.887349871598706841e+01,1.301229329678869284e+00,4.171336619530858769e-01,-7.563768352097682834e-01,5.463885999833420826e+00,4.877150043920293609e-01,1.000000000000000000e+00,7.871033567028888900e-01,3.204194933806974177e+00
-2.888563547043104140e+00,-2.876059157300382196e+01,2.887269886001204355e+01,1.307002994570082066e+00,4.176490221330642072e-01,-7.574975347692336491e-01,5.463835381004836123e+00,4.876988034882296930e-01,1.000000000000000000e+00,7.871033567028888900e-01,3.204194933806974177e+00
-2.882712246045260329e+00,-2.876064495520411768e+01,2.887189783450388703e+01,1.312776499784518158e+00,4.181643557151596968e-01,-7.586182444369760081e-01,5.463784536208360798e+00,4.876825819854047062e-01,1.000000000000000000e+00,7.871033567028888900e-01,3.204194933806974177e+00
-2.877033985760999446e+00,-2.876069562986243611e+01,2.887111938102455611e+01,1.318379101921163699e+00,4.186644229664200356e-01,-7.597058189756876745e-01,5.463734979083838539e+00,4.876668205354182661e-01,1.000000000000000000e+00,7.871033567028888900e-01,3.204194933806974177e+00
-2.871182663829602966e+00,-2.876074668570982595e+01,2.887031605113501698e+01,1.324152291811468096e+00,4.191797040775222527e-01,-7.608265484284717495e-01,5.463683689004182220e+00,4.876505584423749817e-01,1.000000000000000000e+00,7.871033567028888900e-01,3.204194933806974177e+00
-2.865331331630820877e+00,-2.876079656091911474e+01,2.886951155181008488e+01,1.329925321321568266e+00,4.196949585279565187e-01,-7.619472878549604644e-01,5.463632172925848351e+00,4.876342757489079416e-01,1.000000000000000000e+00,7.871033567028888900e-01,3.204194933806974177e+00
-2.859479989405364186e+00,-2.876084525548825255e+01,2.886870588308285690e+01,1.335698190213976844e+00,4.202101862965262336e-01,-7.630680372097048414e-01,5.463580430838492319e+00,4.876179724545504079e-01,1.000000000000000000e+00,7.871033567028888900e-01,3.204194933806974177e+00
-2.853628637393176515e+00,-2.876089276941523565e+01,2.886789904498635551e+01,1.341470898251964972e+00,4.207253873621036311e-01,-7.641887964473972339e-01,5.463528462731771285e+00,4.876016485588333116e-01,1.000000000000000000e+00,7.871033567028888900e-01,3.204194933806974177e+00
-2.847777275834149968e+00,-2.876093910269812426e+01,2.886709103755367423e+01,1.347243445198867295e+00,4.212405617035667182e-01,-7.653095655227346583e-01,5.463476268595355734e+00,4.875853040612890266e-01,1.000000000000000000e+00,7.871033567028888900e-01,3.204194933806974177e+00
-2.841925904969100802e+00,-2.876098425533500347e+01,2.886628186081806291e+01,1.353015830817109411e+00,4.217557092997131218e-01,-7.664303443902314994e-01,5.463423848418925033e+00,4.875689389614529246e-01,1.000000000000000000e+00,7.871033567028888900e-01,3.204194933806974177e+00
-2.836074525037921124e+00,-2.876102822732402942e+01,2.886547151481269324e+01,1.358788054870038842e+00,4.222708301294232358e-01,-7.675511330045744485e-01,5.463371202192170095e+00,4.875525532588593780e-01,1.000000000000000000e+00,7.871033567028888900e-01,3.204194933806974177e+00
-2.830223136280555885e+00,-2.876107101866339733e+01,2.886465999957080086e+01,1.364560117120955596e+00,4.227859241715734018e-01,-7.686719313204339876e-01,5.463318329904779169e+00,4.875361469530428149e-01,1.000000000000000000e+00,7.871033567028888900e-01,3.204194933806974177e+00
-2.824371738937719645e+00,-2.876111262935134150e+01,2.886384731512575996e+01,1.370332017332408725e+00,4.233009914049739031e-01,-7.697927392923282763e-01,5.463265231546465373e+00,4.875197200435412159e-01,1.000000000000000000e+00,7.871033567028888900e-01,3.204194933806974177e+00
-2.818520333249306731e+00,-2.876115305938616373e+01,2.886303346151089855e+01,1.376103755267763518e+00,4.238160318085081313e-01,-7.709135568749272416e-01,5.463211907106934717e+00,4.875032725298909519e-01,1.000000000000000000e+00,7.871033567028888900e-01,3.204194933806974177e+00
-2.812668919455364680e+00,-2.876119230876620136e+01,2.886221843875960502e+01,1.381875330690240489e+00,4.243310453610469879e-01,-7.720343840228658383e-01,5.463158356575908314e+00,4.874868044116295041e-01,1.000000000000000000e+00,7.871033567028888900e-01,3.204194933806974177e+00
-2.806817497796557870e+00,-2.876123037748983791e+01,2.886140224690538858e+01,1.387646743362457968e+00,4.248460320414083613e-01,-7.731552206906557867e-01,5.463104579943125039e+00,4.874703156882973509e-01,1.000000000000000000e+00,7.871033567028888900e-01,3.204194933806974177e+00
-2.800966068512832585e+00,-2.876126726555551372e+01,2.886058488598172644e+01,1.393417993047751491e+00,4.253609918284744773e-01,-7.742760668329402574e-01,5.463050577198312219e+00,4.874538063594329174e-01,1.000000000000000000e+00,7.871033567028888900e-01,3.204194933806974177e+00
-2.795114631844135555e+00,-2.876130297296172245e+01,2.885976635602213847e+01,1.399189079509462807e+00,4.258759247011286719e-01,-7.753969224043582020e-01,5.462996348331221164e+00,4.874372764245765155e-01,1.000000000000000000e+00,7.871033567028888900e-01,3.204194933806974177e+00
-2.789263188031183116e+00,-2.876133749970698616e+01,2.885894665706029372e+01,1.404960002510180050e+00,4.263908306381876123e-01,-7.765177873593951396e-01,5.462941893331612953e+00,4.874207258832709555e-01,1.000000000000000000e+00,7.871033567028888900e-01,3.204194933806974177e+00
-2.783411737313922441e+00,-2.876137084578989445e+01,2.885812578912980442e+01,1.410730761813258294e+00,4.269057096185369105e-01,-7.776386616526785867e-01,5.462887212189247776e+00,4.874041547350575487e-01,1.000000000000000000e+00,7.871033567028888900e-01,3.204194933806974177e+00
-2.777560279932249632e+00,-2.876140301120907594e+01,2.885730375226432187e+01,1.416501357182109899e+00,4.274205616210674519e-01,-7.787595452388401673e-01,5.462832304893892932e+00,4.873875629794784947e-01,1.000000000000000000e+00,7.871033567028888900e-01,3.204194933806974177e+00
-2.771708816126984942e+00,-2.876143399596321260e+01,2.885648054649768568e+01,1.422271788379241286e+00,4.279353866245904636e-01,-7.798804380723297625e-01,5.462777171435338808e+00,4.873709506160794902e-01,1.000000000000000000e+00,7.871033567028888900e-01,3.204194933806974177e+00
-2.765857346138024475e+00,-2.876146380005102898e+01,2.885565617186363951e+01,1.428042055168080804e+00,4.284501846079992182e-01,-7.810013401077688933e-01,5.462721811803373129e+00,4.873543176444046221e-01,1.000000000000000000e+00,7.871033567028888900e-01,3.204194933806974177e+00
-2.760005870205265222e+00,-2.876149242347131008e+01,2.885483062839598389e+01,1.433812157312058133e+00,4.289649555501881539e-01,-7.821222512997725307e-01,5.462666225987788060e+00,4.873376640639980328e-01,1.000000000000000000e+00,7.871033567028888900e-01,3.204194933806974177e+00
-2.754154388569528322e+00,-2.876151986622286572e+01,2.885400391612868631e+01,1.439582094573701898e+00,4.294796994299715509e-01,-7.832431716027745683e-01,5.462610413978401525e+00,4.873209898744083057e-01,1.000000000000000000e+00,7.871033567028888900e-01,3.204194933806974177e+00
-2.748302901470710768e+00,-2.876154612830458390e+01,2.885317603509565387e+01,1.445351866716459543e+00,4.299944162262461789e-01,-7.843641009713797629e-01,5.462554375765023451e+00,4.873042950751816371e-01,1.000000000000000000e+00,7.871033567028888900e-01,3.204194933806974177e+00
-2.742451409148761954e+00,-2.876157120971538106e+01,2.885234698533082920e+01,1.451121473503731441e+00,4.305091059179053103e-01,-7.854850393601777725e-01,5.462498111337475315e+00,4.872875796658652781e-01,1.000000000000000000e+00,7.871033567028888900e-01,3.204194933806974177e+00
-2.736599911844400435e+00,-2.876159511045422335e+01,2.885151676686830768e+01,1.456890914698167006e+00,4.310237684837754379e-01,-7.866059867236054881e-01,5.462441620685598132e+00,4.872708436460096992e-01,1.000000000000000000e+00,7.871033567028888900e-01,3.204194933806974177e+00
-2.730748409797574716e+00,-2.876161783052013732e+01,2.885068537974214564e+01,1.462660190063183485e+00,4.315384039027523322e-01,-7.877269430162419095e-01,5.462384903799229363e+00,4.872540870151640946e-01,1.000000000000000000e+00,7.871033567028888900e-01,3.204194933806974177e+00
-2.724896903248184454e+00,-2.876163936991218151e+01,2.884985282398642070e+01,1.468429299362251861e+00,4.320530121537369261e-01,-7.888479081926700331e-01,5.462327960668214466e+00,4.872373097728777691e-01,1.000000000000000000e+00,7.871033567028888900e-01,3.204194933806974177e+00
-2.719045392437050790e+00,-2.876165972862948195e+01,2.884901909963540589e+01,1.474198242357943389e+00,4.325675932155503278e-01,-7.899688822072911121e-01,5.462270791282420213e+00,4.872205119187040800e-01,1.000000000000000000e+00,7.871033567028888900e-01,3.204194933806974177e+00
-2.713193877604072490e+00,-2.876167890667119664e+01,2.884818420672327832e+01,1.479967018813742818e+00,4.330821470670959128e-01,-7.910898650146778177e-01,5.462213395631711599e+00,4.872036934521945528e-01,1.000000000000000000e+00,7.871033567028888900e-01,3.204194933806974177e+00
-2.707342358989456077e+00,-2.876169690403653689e+01,2.884734814528430391e+01,1.485735628492840021e+00,4.335966736872508553e-01,-7.922108565693382065e-01,5.462155773705966944e+00,4.871868543729021561e-01,1.000000000000000000e+00,7.871033567028888900e-01,3.204194933806974177e+00
-2.701490836833151832e+00,-2.876171372072477084e+01,2.884651091535278056e+01,1.491504071158685996e+00,4.341111730549166436e-01,-7.933318568258236336e-01,5.462097925495061901e+00,4.871699946803799697e-01,1.000000000000000000e+00,7.871033567028888900e-01,3.204194933806974177e+00
-2.695639311375880087e+00,-2.876172935673519859e+01,2.884567251696313051e+01,1.497272346573976343e+00,4.346256451489273198e-01,-7.944528657385334647e-01,5.462039850988900547e+00,4.871531143741841818e-01,1.000000000000000000e+00,7.871033567028888900e-01,3.204194933806974177e+00
-2.689787782857591125e+00,-2.876174381206718422e+01,2.884483295014974757e+01,1.503040454502175827e+00,4.351400899481864259e-01,-7.955738832620090628e-01,5.461981550177379852e+00,4.871362134538698707e-01,1.000000000000000000e+00,7.871033567028888900e-01,3.204194933806974177e+00
-2.683936251518183713e+00,-2.876175708672013798e+01,2.884399221494705401e+01,1.508808394706804723e+00,4.356545074316029997e-01,-7.966949093507956769e-01,5.461923023050406556e+00,4.871192919189924475e-01,1.000000000000000000e+00,7.871033567028888900e-01,3.204194933806974177e+00
-2.678084717598481213e+00,-2.876176918069350918e+01,2.884315031138964613e+01,1.514576166950481362e+00,4.361688975780058097e-01,-7.978159439592567015e-01,5.461864269597906940e+00,4.871023497691109316e-01,1.000000000000000000e+00,7.871033567028888900e-01,3.204194933806974177e+00
-2.672233181338383279e+00,-2.876178009398680047e+01,2.884230723951203856e+01,1.520343770996739341e+00,4.366832603663059476e-01,-7.989369870419267272e-01,5.461805289809807284e+00,4.870853870037826772e-01,1.000000000000000000e+00,7.871033567028888900e-01,3.204194933806974177e+00
-2.666381642977841082e+00,-2.876178982659956418e+01,2.884146299934879920e+01,1.526111206609068294e+00,4.371975957754111741e-01,-8.000580385533253569e-01,5.461746083676039198e+00,4.870684036225657043e-01,1.000000000000000000e+00,7.871033567028888900e-01,3.204194933806974177e+00
-2.660530102757574511e+00,-2.876179837853140597e+01,2.884061759093466648e+01,1.531878473550210007e+00,4.377119037841629701e-01,-8.011790984478198707e-01,5.461686651186557384e+00,4.870513996250216415e-01,1.000000000000000000e+00,7.871033567028888900e-01,3.204194933806974177e+00
-2.654678560917484109e+00,-2.876180574978197413e+01,2.883977101430430068e+01,1.537645571583718063e+00,4.382261843714757577e-01,-8.023001666799280951e-01,5.461626992331305885e+00,4.870343750107098968e-01,1.000000000000000000e+00,7.871033567028888900e-01,3.204194933806974177e+00
-2.648827017697623631e+00,-2.876181194035095956e+01,2.883892326949242246e+01,1.543412500473003046e+00,4.387404375162516912e-01,-8.034212432041336616e-01,5.461567107100248286e+00,4.870173297791913769e-01,1.000000000000000000e+00,7.871033567028888900e-01,3.204194933806974177e+00
-2.642975473338661896e+00,-2.876181695023811358e+01,2.883807435653390883e+01,1.549179259980876022e+00,4.392546631973400229e-01,-8.045423279747976331e-01,5.461506995483362381e+00,4.870002639300302083e-01,1.000000000000000000e+00,7.871033567028888900e-01,3.204194933806974177e+00
-2.637123928080551405e+00,-2.876182077944323012e+01,2.883722427546356570e+01,1.554945849870860819e+00,4.397688613936539537e-01,-8.056634209464123009e-01,5.461446657470625077e+00,4.869831774627884080e-01,1.000000000000000000e+00,7.871033567028888900e-01,3.204194933806974177e+00
-2.631272382163242440e+00,-2.876182342796614932e+01,2.883637302631625587e+01,1.560712269906491922e+00,4.402830320841081280e-01,-8.067845220734650713e-01,5.461386093052019497e+00,4.869660703770293253e-01,1.000000000000000000e+00,7.871033567028888900e-01,3.204194933806974177e+00
-2.625420835827404709e+00,-2.876182489580676105e+01,2.883552060912698067e+01,1.566478519850599049e+00,4.407971752475549621e-01,-8.079056313103001319e-01,5.461325302217548305e+00,4.869489426723192516e-01,1.000000000000000000e+00,7.871033567028888900e-01,3.204194933806974177e+00
-2.619569289313092852e+00,-2.876182518296501200e+01,2.883466702393071657e+01,1.572244599466629200e+00,4.413112908629026054e-01,-8.090267486113740247e-01,5.461264284957215054e+00,4.869317943482230904e-01,1.000000000000000000e+00,7.871033567028888900e-01,3.204194933806974177e+00
-2.613717742860206084e+00,-2.876182428944088443e+01,2.883381227076246134e+01,1.578010508518185251e+00,4.418253789090731409e-01,-8.101478739311680499e-01,5.461203041261031288e+00,4.869146254043066890e-01,1.000000000000000000e+00,7.871033567028888900e-01,3.204194933806974177e+00
-2.607866196709466067e+00,-2.876182221523442095e+01,2.883295634965737975e+01,1.583776246768070273e+00,4.423394393649182077e-01,-8.112690072240003047e-01,5.461141571119025429e+00,4.868974358401388924e-01,1.000000000000000000e+00,7.871033567028888900e-01,3.204194933806974177e+00
-2.602014651100823972e+00,-2.876181896034569618e+01,2.883209926065055484e+01,1.589541813979849394e+00,4.428534722093577791e-01,-8.123901484443311061e-01,5.461079874521225008e+00,4.868802256552869356e-01,1.000000000000000000e+00,7.871033567028888900e-01,3.204194933806974177e+00
-2.596163106274230969e+00,-2.876181452477485223e+01,2.883124100377714782e+01,1.595307209917097513e+00,4.433674774213132719e-01,-8.135112975466159968e-01,5.461017951457670883e+00,4.868629948493194415e-01,1.000000000000000000e+00,7.871033567028888900e-01,3.204194933806974177e+00
-2.590311562470408280e+00,-2.876180890852207384e+01,2.883038157907246202e+01,1.601072434342640349e+00,4.438814549796397113e-01,-8.146324544851566429e-01,5.460955801918416341e+00,4.868457434218075863e-01,1.000000000000000000e+00,7.871033567028888900e-01,3.204194933806974177e+00
-2.584460019929255559e+00,-2.876180211158758127e+01,2.882952098657172968e+01,1.606837487020113198e+00,4.443954048632649534e-01,-8.157536192144072551e-01,5.460893425893511122e+00,4.868284713723209922e-01,1.000000000000000000e+00,7.871033567028888900e-01,3.204194933806974177e+00
-2.578608478890826561e+00,-2.876179413397166229e+01,2.882865922631025768e+01,1.612602367713013241e+00,4.449093270511048637e-01,-8.168747916887870719e-01,5.460830823373026277e+00,4.868111787004311131e-01,1.000000000000000000e+00,7.871033567028888900e-01,3.204194933806974177e+00
-2.572756939595791437e+00,-2.876178497567464021e+01,2.882779629832349144e+01,1.618367076184233255e+00,4.454232215220221280e-01,-8.179959718625920972e-01,5.460767994347037302e+00,4.867938654057115122e-01,1.000000000000000000e+00,7.871033567028888900e-01,3.204194933806974177e+00
-2.566905402284100468e+00,-2.876177463669689160e+01,2.882693220264680889e+01,1.624131612197383667e+00,4.459370882549436033e-01,-8.191171596902503405e-01,5.460704938805625019e+00,4.867765314877345872e-01,1.000000000000000000e+00,7.871033567028888900e-01,3.204194933806974177e+00
-2.561053867195961065e+00,-2.876176311703884636e+01,2.882606693931569453e+01,1.629895975515830209e+00,4.464509272287753294e-01,-8.202383551261352990e-01,5.460641656738884464e+00,4.867591769460745121e-01,1.000000000000000000e+00,7.871033567028888900e-01,3.204194933806974177e+00
-2.555202334571273326e+00,-2.876175041670096277e+01,2.882520050836560443e+01,1.635660165903243257e+00,4.469647384224505471e-01,-8.213595581246746491e-01,5.460578148136911558e+00,4.867418017803053498e-01,1.000000000000000000e+00,7.871033567028888900e-01,3.204194933806974177e+00
-2.549350804650860614e+00,-2.876173653568378086e+01,2.882433290983221852e+01,1.641424183122397462e+00,4.474785218148234489e-01,-8.224807686401131024e-01,5.460514412989821764e+00,4.867244059900044939e-01,1.000000000000000000e+00,7.871033567028888900e-01,3.204194933806974177e+00
-2.543499277674621695e+00,-2.876172147398785839e+01,2.882346414375108878e+01,1.647188026936980076e+00,4.479922773848299400e-01,-8.236019866268675660e-01,5.460450451287731433e+00,4.867069895747481167e-01,1.000000000000000000e+00,7.871033567028888900e-01,3.204194933806974177e+00
-2.537647753882506851e+00,-2.876170523161381709e+01,2.882259421015784540e+01,1.652951697110637497e+00,4.485060051114027058e-01,-8.247232120393387378e-01,5.460386263020763131e+00,4.866895525341122797e-01,1.000000000000000000e+00,7.871033567028888900e-01,3.204194933806974177e+00
-2.531796233515236860e+00,-2.876168780856232132e+01,2.882172310908827839e+01,1.658715193406261168e+00,4.490197049734079848e-01,-8.258444448317755482e-01,5.460321848179058968e+00,4.866720948676771519e-01,1.000000000000000000e+00,7.871033567028888900e-01,3.204194933806974177e+00
-2.525944716812761559e+00,-2.876166920483408873e+01,2.882085084057810320e+01,1.664478515587512142e+00,4.495333769497808496e-01,-8.269656849585689251e-01,5.460257206752763715e+00,4.866546165750210706e-01,1.000000000000000000e+00,7.871033567028888900e-01,3.204194933806974177e+00
-2.520093204014980159e+00,-2.876164942042987960e+01,2.881997740466308500e+01,1.670241663418106093e+00,4.500470210194618126e-01,-8.280869323741135712e-01,5.460192338732019479e+00,4.866371176557230394e-01,1.000000000000000000e+00,7.871033567028888900e-01,3.204194933806974177e+00
-2.514241695362714690e+00,-2.876162845535051460e+01,2.881910280137917368e+01,1.676004636660860303e+00,4.505606371613116168e-01,-8.292081870326225568e-01,5.460127244107001232e+00,4.866195981093657807e-01,1.000000000000000000e+00,7.871033567028888900e-01,3.204194933806974177e+00
-2.508390191095863475e+00,-2.876160630959684639e+01,2.881822703076221615e+01,1.681767435079502881e+00,4.510742253542733282e-01,-8.303294488884803703e-01,5.460061922867874173e+00,4.866020579355300191e-01,1.000000000000000000e+00,7.871033567028888900e-01,3.204194933806974177e+00
-2.502538691454376796e+00,-2.876158298316978446e+01,2.881735009284813742e+01,1.687530058437722413e+00,4.515877855772860716e-01,-8.314507178960556244e-01,5.459996375004812386e+00,4.865844971337973668e-01,1.000000000000000000e+00,7.871033567028888900e-01,3.204194933806974177e+00
-2.496687196678972764e+00,-2.876155847607029159e+01,2.881647198767300111e+01,1.693292506498457861e+00,4.521013178092234686e-01,-8.325719940095653859e-01,5.459930600508011267e+00,4.865669157037528225e-01,1.000000000000000000e+00,7.871033567028888900e-01,3.204194933806974177e+00
-2.490835707009550148e+00,-2.876153278829936966e+01,2.881559271527281751e+01,1.699054779025460427e+00,4.526148220290317492e-01,-8.336932771833782674e-01,5.459864599367665328e+00,4.865493136449798306e-01,1.000000000000000000e+00,7.871033567028888900e-01,3.204194933806974177e+00
-2.484984222686160038e+00,-2.876150591985807381e+01,2.881471227568365023e+01,1.704816875782339203e+00,4.531282982156448202e-01,-8.348145673718270210e-01,5.459798371573974407e+00,4.865316909570626680e-01,1.000000000000000000e+00,7.871033567028888900e-01,3.204194933806974177e+00
-2.479132743949469475e+00,-2.876147787074750539e+01,2.881383066894171563e+01,1.710578796532101986e+00,4.536417463479436862e-01,-8.359358645291224965e-01,5.459731917117160549e+00,4.865140476395888314e-01,1.000000000000000000e+00,7.871033567028888900e-01,3.204194933806974177e+00
-2.473281271039427409e+00,-2.876144864096881903e+01,2.881294789508315901e+01,1.716340541038474665e+00,4.541551664048738557e-01,-8.370571686096067721e-01,5.459665235987441356e+00,4.864963836921440965e-01,1.000000000000000000e+00,7.871033567028888900e-01,3.204194933806974177e+00
-2.467429804195982346e+00,-2.876141823052321556e+01,2.881206395414418964e+01,1.722102109065188014e+00,4.546685583653817253e-01,-8.381784795676173738e-01,5.459598328175047754e+00,4.864786991143154604e-01,1.000000000000000000e+00,7.871033567028888900e-01,3.204194933806974177e+00
-2.461578343659800439e+00,-2.876138663941193840e+01,2.881117884616115532e+01,1.727863500375271144e+00,4.551819222083516858e-01,-8.392997973573483872e-01,5.459531193670223992e+00,4.864609939056926957e-01,1.000000000000000000e+00,7.871033567028888900e-01,3.204194933806974177e+00
-2.455726889670932334e+00,-2.876135386763629143e+01,2.881029257117037545e+01,1.733624714732370453e+00,4.556952579127238612e-01,-8.404211219331066962e-01,5.459463832463215205e+00,4.864432680658646313e-01,1.000000000000000000e+00,7.871033567028888900e-01,3.204194933806974177e+00
-2.449875442469273690e+00,-2.876131991519761044e+01,2.880940512920817298e+01,1.739385751900289545e+00,4.562085654574522531e-01,-8.415424532492229437e-01,5.459396244544277188e+00,4.864255215944202071e-01,1.000000000000000000e+00,7.871033567028888900e-01,3.204194933806974177e+00
-2.444024002295542175e+00,-2.876128478209729522e+01,2.880851652031106269e+01,1.745146611642029555e+00,4.567218448214206417e-01,-8.426637912598660130e-01,5.459328429903681723e+00,4.864077544909523043e-01,1.000000000000000000e+00,7.871033567028888900e-01,3.204194933806974177e+00
-2.438172569389684519e+00,-2.876124846833678816e+01,2.880762674451548477e+01,1.750907293721358116e+00,4.572350959835811413e-01,-8.437851359193461187e-01,5.459260388531699704e+00,4.863899667550516392e-01,1.000000000000000000e+00,7.871033567028888900e-01,3.204194933806974177e+00
-2.432321143991595491e+00,-2.876121097391757431e+01,2.880673580185790783e+01,1.756667797902100148e+00,4.577483189228918059e-01,-8.449064871819781386e-01,5.459192120418613570e+00,4.863721583863102049e-01,1.000000000000000000e+00,7.871033567028888900e-01,3.204194933806974177e+00
-2.426469726342094901e+00,-2.876117229884120263e+01,2.880584369237501718e+01,1.762428123947180403e+00,4.582615136182303095e-01,-8.460278450018950958e-01,5.459123625554720860e+00,4.863543293843231030e-01,1.000000000000000000e+00,7.871033567028888900e-01,3.204194933806974177e+00
-2.420618316681076632e+00,-2.876113244310925410e+01,2.880495041610337381e+01,1.768188271620437568e+00,4.587746800485573151e-01,-8.471492093334005435e-01,5.459054903930317337e+00,4.863364797486838254e-01,1.000000000000000000e+00,7.871033567028888900e-01,3.204194933806974177e+00
-2.414766915248743651e+00,-2.876109140672337006e+01,2.880405597307965238e+01,1.773948240685416344e+00,4.592878181928068404e-01,-8.482705801307358628e-01,5.458985955535718304e+00,4.863186094789879732e-01,1.000000000000000000e+00,7.871033567028888900e-01,3.204194933806974177e+00
-2.408915522285040023e+00,-2.876104918968522384e+01,2.880316036334052399e+01,1.779708030905919447e+00,4.598009280299368839e-01,-8.493919573481834018e-01,5.458916780361232846e+00,4.863007185748300931e-01,1.000000000000000000e+00,7.871033567028888900e-01,3.204194933806974177e+00
-2.403064138030682084e+00,-2.876100579199655982e+01,2.880226358692283739e+01,1.785467642045001746e+00,4.603140095388392750e-01,-8.505133409398754063e-01,5.458847378397199357e+00,4.862828070358092836e-01,1.000000000000000000e+00,7.871033567028888900e-01,3.204194933806974177e+00
-2.397212762725613899e+00,-2.876096121365915792e+01,2.880136564386337028e+01,1.791227073866481501e+00,4.608270626984743434e-01,-8.516347308600842325e-01,5.458777749633950016e+00,4.862648748615221450e-01,1.000000000000000000e+00,7.871033567028888900e-01,3.204194933806974177e+00
-2.391361396609728462e+00,-2.876091545467484067e+01,2.880046653419893232e+01,1.796986326134234258e+00,4.613400874878079705e-01,-8.527561270630878987e-01,5.458707894061824106e+00,4.862469220515664992e-01,1.000000000000000000e+00,7.871033567028888900e-01,3.204194933806974177e+00
-2.385510039923841585e+00,-2.876086851504549458e+01,2.879956625796652503e+01,1.802745398611235839e+00,4.618530838857263232e-01,-8.538775295029816803e-01,5.458637811671182227e+00,4.862289486055433874e-01,1.000000000000000000e+00,7.871033567028888900e-01,3.204194933806974177e+00
-2.379658692907845818e+00,-2.876082039477304164e+01,2.879866481520305754e+01,1.808504291061376890e+00,4.623660518711978362e-01,-8.549989381340327155e-01,5.458567502452384979e+00,4.862109545230524632e-01,1.000000000000000000e+00,7.871033567028888900e-01,3.204194933806974177e+00
-2.373807355801685226e+00,-2.876077109385945718e+01,2.879776220594549230e+01,1.814263003248505868e+00,4.628789914231874469e-01,-8.561203529104929322e-01,5.458496966395798289e+00,4.861929398036938799e-01,1.000000000000000000e+00,7.871033567028888900e-01,3.204194933806974177e+00
-2.367956028846070371e+00,-2.876072061230677335e+01,2.879685843023097647e+01,1.820021534935721164e+00,4.633919025205939235e-01,-8.572417737864611587e-01,5.458426203491809403e+00,4.861749044470714542e-01,1.000000000000000000e+00,7.871033567028888900e-01,3.204194933806974177e+00
-2.361931660996662963e+00,-2.876066740424390744e+01,2.879592670686703926e+01,1.825950185139448845e+00,4.639199531032683899e-01,-8.583963667711975720e-01,5.458353110769762040e+00,4.861563141363832163e-01,1.000000000000000000e+00,7.871033567028888900e-01,3.204194933806974177e+00
-2.356080355380025804e+00,-2.876061452650227679e+01,2.879502056385486597e+01,1.831708349762611654e+00,4.644328063853080391e-01,-8.595177998858867241e-01,5.458281887432455015e+00,4.861382368936672527e-01,1.000000000000000000e+00,7.871033567028888900e-01,3.204194933806974177e+00
-2.350229060641634948e+00,-2.876056046812797007e+01,2.879411325449827430e+01,1.837466333169722077e+00,4.649456311489796878e-01,-8.606392389612893545e-01,5.458210437218653510e+00,4.861201390124867405e-01,1.000000000000000000e+00,7.871033567028888900e-01,3.204194933806974177e+00
-2.344377777021430909e+00,-2.876050522912320417e+01,2.879320477883447182e+01,1.843224135124666763e+00,4.654584273732544908e-01,-8.617606839516306350e-01,5.458138760118770527e+00,4.861020204924462740e-01,1.000000000000000000e+00,7.871033567028888900e-01,3.204194933806974177e+00
-2.338526504759354196e+00,-2.876044880949024574e+01,2.879229513690071585e+01,1.848981755391339021e+00,4.659711950371043798e-01,-8.628821348111302969e-01,5.458066856123225286e+00,4.860838813331511687e-01,1.000000000000000000e+00,7.871033567028888900e-01,3.204194933806974177e+00
-2.332675244096115375e+00,-2.876039120923141112e+01,2.879138432873442000e+01,1.854739193732878988e+00,4.664839341194351174e-01,-8.640035914938557493e-01,5.457994725222460097e+00,4.860657215342102933e-01,1.000000000000000000e+00,7.871033567028888900e-01,3.204194933806974177e+00
-2.326823995271601664e+00,-2.876033242834906289e+01,2.879047235437292684e+01,1.860496449913248806e+00,4.669966445992254078e-01,-8.651250539540252804e-01,5.457922367406905728e+00,4.860475410952303510e-01,1.000000000000000000e+00,7.871033567028888900e-01,3.204194933806974177e+00
-2.320972758525855273e+00,-2.876027246684562044e+01,2.878955921385365357e+01,1.866253523696260075e+00,4.675093264554419648e-01,-8.662465221458239828e-01,5.457849782667016925e+00,4.860293400158200439e-01,1.000000000000000000e+00,7.871033567028888900e-01,3.204194933806974177e+00
-2.315121534099533473e+00,-2.876021132472353870e+01,2.878864490721415237e+01,1.872010414845128867e+00,4.680219796669986554e-01,-8.673679960233124930e-01,5.457776970993255539e+00,4.860111182955901832e-01,1.000000000000000000e+00,7.871033567028888900e-01,3.204194933806974177e+00
-2.309270322232574113e+00,-2.876014900198532942e+01,2.878772943449191501e+01,1.877767123123785353e+00,4.685346042128730737e-01,-8.684894755406836753e-01,5.457703932376085199e+00,4.859928759341505256e-01,1.000000000000000000e+00,7.871033567028888900e-01,3.204194933806974177e+00
-2.303419123164863969e+00,-2.876008549863355057e+01,2.878681279572448304e+01,1.883523648296218322e+00,4.690472000720491419e-01,-8.696109606521361668e-01,5.457630666805980191e+00,4.859746129311114937e-01,1.000000000000000000e+00,7.871033567028888900e-01,3.204194933806974177e+00
-2.297567937137210858e+00,-2.876002081467081339e+01,2.878589499094957560e+01,1.889279990125515063e+00,4.695597672234304576e-01,-8.707324513116850850e-01,5.457557174273433453e+00,4.859563292860873407e-01,1.000000000000000000e+00,7.871033567028888900e-01,3.204194933806974177e+00
-2.291716764389502448e+00,-2.875995495009976466e+01,2.878497602020480883e+01,1.895036148375676799e+00,4.700723056460028859e-01,-8.718539474735176320e-01,5.457483454768934372e+00,4.859380249986900435e-01,1.000000000000000000e+00,7.871033567028888900e-01,3.204194933806974177e+00
-2.285865605161673031e+00,-2.875988790492311509e+01,2.878405588352788769e+01,1.900792122810665230e+00,4.705848153187492944e-01,-8.729754490918061327e-01,5.457409508282982991e+00,4.859197000685326895e-01,1.000000000000000000e+00,7.871033567028888900e-01,3.204194933806974177e+00
-2.280014459694427842e+00,-2.875981967914361803e+01,2.878313458095665212e+01,1.906547913193691990e+00,4.710972962205859371e-01,-8.740969561205698124e-01,5.457335334806096228e+00,4.859013544952316965e-01,1.000000000000000000e+00,7.871033567028888900e-01,3.204194933806974177e+00
-2.274163328227702063e+00,-2.875975027276406948e+01,2.878221211252888168e+01,1.912303519288730325e+00,4.716097483304976801e-01,-8.752184685139700049e-01,5.457260934328794555e+00,4.858829882784019838e-01,1.000000000000000000e+00,7.871033567028888900e-01,3.204194933806974177e+00
-2.268312211001686673e+00,-2.875967968578731870e+01,2.878128847828244474e+01,1.918058940859511008e+00,4.721221716274481839e-01,-8.763399862261138651e-01,5.457186306841601997e+00,4.858646014176596917e-01,1.000000000000000000e+00,7.871033567028888900e-01,3.204194933806974177e+00
-2.262461108256264009e+00,-2.875960791821626472e+01,2.878036367825521324e+01,1.923814177670077452e+00,4.726345660904294199e-01,-8.774615092111625048e-01,5.457111452335056789e+00,4.858461939126216267e-01,1.000000000000000000e+00,7.871033567028888900e-01,3.204194933806974177e+00
-2.256610020232240110e+00,-2.875953497005385273e+01,2.877943771248523674e+01,1.929569229483564907e+00,4.731469316983533124e-01,-8.785830374230937378e-01,5.457036370799711378e+00,4.858277657629074819e-01,1.000000000000000000e+00,7.871033567028888900e-01,3.204194933806974177e+00
-2.250758947169494650e+00,-2.875946084130308122e+01,2.877851058101049375e+01,1.935324096064034105e+00,4.736592684302142198e-01,-8.797045708160583510e-01,5.456961062226119985e+00,4.858093169681356738e-01,1.000000000000000000e+00,7.871033567028888900e-01,3.204194933806974177e+00
-2.244907889307961035e+00,-2.875938553196698777e+01,2.877758228386899120e+01,1.941078777175495151e+00,4.741715762650030586e-01,-8.808261093441910328e-01,5.456885526604840386e+00,4.857908475279250626e-01,1.000000000000000000e+00,7.871033567028888900e-01,3.204194933806974177e+00
-2.239056846888339614e+00,-2.875930904204866678e+01,2.877665282109891720e+01,1.946833272581212970e+00,4.746838551816441321e-01,-8.819476529614745930e-01,5.456809763926456114e+00,4.857723574418981727e-01,1.000000000000000000e+00,7.871033567028888900e-01,3.204194933806974177e+00
-2.233205820150560683e+00,-2.875923137155125531e+01,2.877572219273838883e+01,1.952587582045215875e+00,4.751961051591310214e-01,-8.830692016220326179e-01,5.456733774181539154e+00,4.857538467096754187e-01,1.000000000000000000e+00,7.871033567028888900e-01,3.204194933806974177e+00
-2.227354809334503916e+00,-2.875915252047794723e+01,2.877479039882556577e+01,1.958341705331591243e+00,4.757083261764626925e-01,-8.841907552799945780e-01,5.456657557360684585e+00,4.857353153308787141e-01,1.000000000000000000e+00,7.871033567028888900e-01,3.204194933806974177e+00
-2.221503814680970024e+00,-2.875907248883197553e+01,2.877385743939878182e+01,1.964095642203523617e+00,4.762205182125582303e-01,-8.853123138893074229e-01,5.456581113454495480e+00,4.857167633051329148e-01,1.000000000000000000e+00,7.871033567028888900e-01,3.204194933806974177e+00
-2.215652836429836459e+00,-2.875899127661662646e+01,2.877292331449629970e+01,1.969849392425114587e+00,4.767326812464189323e-01,-8.864338774040894098e-01,5.456504442453575798e+00,4.856981906320614883e-01,1.000000000000000000e+00,7.871033567028888900e-01,3.204194933806974177e+00
-2.209801874821032186e+00,-2.875890888383523247e+01,2.877198802415642120e+01,1.975602955760424440e+00,4.772448152570429314e-01,-8.875554457784442519e-01,5.456427544348543712e+00,4.856795973112886244e-01,1.000000000000000000e+00,7.871033567028888900e-01,3.204194933806974177e+00
-2.203950930095253558e+00,-2.875882531049117929e+01,2.877105156841761868e+01,1.981356331972761620e+00,4.777569202233618029e-01,-8.886770189663217856e-01,5.456350419130025386e+00,4.856609833424415656e-01,1.000000000000000000e+00,7.871033567028888900e-01,3.204194933806974177e+00
-2.197926962814121588e+00,-2.875873803203554502e+01,2.877008619963147495e+01,1.987279667309993059e+00,4.782841402176869483e-01,-8.898317674238063191e-01,5.456270775651607785e+00,4.856417972959259921e-01,1.000000000000000000e+00,7.871033567028888900e-01,3.204194933806974177e+00
-2.192076053091341237e+00,-2.875865206266187002e+01,2.876914737874650996e+01,1.993032663016935935e+00,4.787961861718562639e-01,-8.909533502399452631e-01,5.456193189460498694e+00,4.856231414191191642e-01,1.000000000000000000e+00,7.871033567028888900e-01,3.204194933806974177e+00
-2.186225160979236914e+00,-2.875856491273608384e+01,2.876820739257923520e+01,1.998785470885412696e+00,4.793082030180364494e-01,-8.920749377303628380e-01,5.456115376127561589e+00,4.856044648931100993e-01,1.000000000000000000e+00,7.871033567028888900e-01,3.204194933806974177e+00
-2.180374286717734034e+00,-2.875847658226175696e+01,2.876726624116819764e+01,2.004538090679520046e+00,4.798201907352313555e-01,-8.931965298491360006e-01,5.456037335643456387e+00,4.855857677175273168e-01,1.000000000000000000e+00,7.871033567028888900e-01,3.204194933806974177e+00
-2.174523430546755343e+00,-2.875838707124250604e+01,2.876632392455197973e+01,2.010290522163362681e+00,4.803321493024461653e-01,-8.943181265503361566e-01,5.455959067998848333e+00,4.855670498919999467e-01,1.000000000000000000e+00,7.871033567028888900e-01,3.204194933806974177e+00
-2.168672592706943014e+00,-2.875829637968202235e+01,2.876538044276934869e+01,2.016042765100347633e+00,4.808440786986243887e-01,-8.954397277878916039e-01,5.455880573184422211e+00,4.855483114161605607e-01,1.000000000000000000e+00,7.871033567028888900e-01,3.204194933806974177e+00
-2.162821773438321937e+00,-2.875820450758401847e+01,2.876443579585900423e+01,2.021794819254494779e+00,4.813559789027646030e-01,-8.965613335158438835e-01,5.455801851190866358e+00,4.855295522896406202e-01,1.000000000000000000e+00,7.871033567028888900e-01,3.204194933806974177e+00
-2.156970972980761569e+00,-2.875811145495226739e+01,2.876348998385968159e+01,2.027546684389983866e+00,4.818678498938803179e-01,-8.976829436882588498e-01,5.455722902008871777e+00,4.855107725120717532e-01,1.000000000000000000e+00,7.871033567028888900e-01,3.204194933806974177e+00
-2.151120191574952933e+00,-2.875801722179058828e+01,2.876254300681027587e+01,2.033298360270192617e+00,4.823796916509138222e-01,-8.988045582590389326e-01,5.455643725629151675e+00,4.854919720830893626e-01,1.000000000000000000e+00,7.871033567028888900e-01,3.204194933806974177e+00
-2.145269429460816113e+00,-2.875792180810285359e+01,2.876159486474963600e+01,2.039049846659265697e+00,4.828915041528764607e-01,-8.999261771822298916e-01,5.455564322042418368e+00,4.854731510023267971e-01,1.000000000000000000e+00,7.871033567028888900e-01,3.204194933806974177e+00
-2.139418686878269416e+00,-2.875782521389297486e+01,2.876064555771663578e+01,2.044801143321357539e+00,4.834032873787806883e-01,-9.010478004118710471e-01,5.455484691239388617e+00,4.854543092694187378e-01,1.000000000000000000e+00,7.871033567028888900e-01,3.204194933806974177e+00
-2.133567964067950573e+00,-2.875772743916492047e+01,2.875969508575031242e+01,2.050552250019917810e+00,4.839150413075770096e-01,-9.021694279018600549e-01,5.455404833210804938e+00,4.854354468840028636e-01,1.000000000000000000e+00,7.871033567028888900e-01,3.204194933806974177e+00
-2.127717261269879145e+00,-2.875762848392270499e+01,2.875874344888966050e+01,2.056303166519014791e+00,4.844267659182713848e-01,-9.032910596062061481e-01,5.455324747947405406e+00,4.854165638457154652e-01,1.000000000000000000e+00,7.871033567028888900e-01,3.204194933806974177e+00
-2.121866578723920149e+00,-2.875752834817038206e+01,2.875779064717370304e+01,2.062053892582874859e+00,4.849384611898842068e-01,-9.044126954789434292e-01,5.455244435439932538e+00,4.853976601541935554e-01,1.000000000000000000e+00,7.871033567028888900e-01,3.204194933806974177e+00
-2.116015916670760166e+00,-2.875742703191207994e+01,2.875683668064163356e+01,2.067804427974923698e+00,4.854501271013654806e-01,-9.055343354739435746e-01,5.455163895679157271e+00,4.853787358090776438e-01,1.000000000000000000e+00,7.871033567028888900e-01,3.204194933806974177e+00
-2.110165275350313507e+00,-2.875732453515194109e+01,2.875588154933256391e+01,2.073554772459350826e+00,4.859617636317334344e-01,-9.066559795452197035e-01,5.455083128655839886e+00,4.853597908100062974e-01,1.000000000000000000e+00,7.871033567028888900e-01,3.204194933806974177e+00
-2.104314655002751167e+00,-2.875722085789417903e+01,2.875492525328570892e+01,2.079304925800104176e+00,4.864733707599852575e-01,-9.077776276467312000e-01,5.455002134360758426e+00,4.853408251566198595e-01,1.000000000000000000e+00,7.871033567028888900e-01,3.204194933806974177e+00
-2.098464055867935052e+00,-2.875711600014304281e+01,2.875396779254027280e+01,2.085054887761440767e+00,4.869849484651462834e-01,-9.088992797324915163e-01,5.454920912784696263e+00,4.853218388485590062e-01,1.000000000000000000e+00,7.871033567028888900e-01,3.204194933806974177e+00
-2.092613478186650333e+00,-2.875700996190285252e+01,2.875300916713566224e+01,2.090804658106716118e+00,4.874964967261621318e-01,-9.100209357563305845e-01,5.454839463918453646e+00,4.853028318854677448e-01,1.000000000000000000e+00,7.871033567028888900e-01,3.204194933806974177e+00
-2.086762922198756254e+00,-2.875690274317794959e+01,2.875204937711117026e+01,2.096554236600205012e+00,4.880080155220606342e-01,-9.111425956722514208e-01,5.454757787752829934e+00,4.852838042669878615e-01,1.000000000000000000e+00,7.871033567028888900e-01,3.204194933806974177e+00
-2.080739360178263553e+00,-2.875679112011681582e+01,2.875105998474776925e+01,2.102473656961297621e+00,4.885346315704549025e-01,-9.122974324598973617e-01,5.454673458539970987e+00,4.852641923296155402e-01,1.000000000000000000e+00,7.871033567028888900e-01,3.204194933806974177e+00
-2.074888848957092691e+00,-2.875668150552349189e+01,2.875009783116133022e+01,2.108222845351623853e+00,4.890460905001394742e-01,-9.134191001334720506e-01,5.454591321025017869e+00,4.852451227883862184e-01,1.000000000000000000e+00,7.871033567028888900e-01,3.204194933806974177e+00
-2.069038360156915335e+00,-2.875657071045893787e+01,2.874913451307451950e+01,2.113971841175138699e+00,4.895575199010952505e-01,-9.145407715595643694e-01,5.454508956182873014e+00,4.852260325906920801e-01,1.000000000000000000e+00,7.871033567028888900e-01,3.204194933806974177e+00
-2.063187894017587620e+00,-2.875645873492770122e+01,2.874817003052684683e+01,2.119720644196148918e+00,4.900689197523548923e-01,-9.156624466921559069e-01,5.454426364004375749e+00,4.852069217361787423e-01,1.000000000000000000e+00,7.871033567028888900e-01,3.204194933806974177e+00
-2.057337450779888943e+00,-2.875634557893439336e+01,2.874720438355799956e+01,2.125469254178059320e+00,4.905802900328714022e-01,-9.167841254850453980e-01,5.454343544480380501e+00,4.851877902244955409e-01,1.000000000000000000e+00,7.871033567028888900e-01,3.204194933806974177e+00
-2.051487030683674107e+00,-2.875623124248364348e+01,2.874623757220755849e+01,2.131217670885188209e+00,4.910916307216797727e-01,-9.179058078922039954e-01,5.454260497601739921e+00,4.851686380552897582e-01,1.000000000000000000e+00,7.871033567028888900e-01,3.204194933806974177e+00
-2.045636633968848539e+00,-2.875611572558014473e+01,2.874526959651517899e+01,2.136965894081813033e+00,4.916029417978117211e-01,-9.190274938675871974e-01,5.454177223359316429e+00,4.851494652282094533e-01,1.000000000000000000e+00,7.871033567028888900e-01,3.204194933806974177e+00
-2.039786260876085500e+00,-2.875599902822865417e+01,2.874430045652068344e+01,2.142713923531465614e+00,4.921142232402329619e-01,-9.201491833649980689e-01,5.454093721743989320e+00,4.851302717429062938e-01,1.000000000000000000e+00,7.871033567028888900e-01,3.204194933806974177e+00
-2.033935911645237127e+00,-2.875588115043394666e+01,2.874333015226379473e+01,2.148461758998488680e+00,4.926254750279820405e-01,-9.212708763383918864e-01,5.454009992746641444e+00,4.851110575990300600e-01,1.000000000000000000e+00,7.871033567028888900e-01,3.204194933806974177e+00
-2.028085586516307881e+00,-2.875576209220086454e+01,2.874235868378432457e+01,2.154209400247083295e+00,4.931366971400854560e-01,-9.223925727416885101e-01,5.453926036358159202e+00,4.850918227962318086e-01,1.000000000000000000e+00,7.871033567028888900e-01,3.204194933806974177e+00
-2.022235285729918175e+00,-2.875564185353430346e+01,2.874138605112223033e+01,2.159956847040851002e+00,4.936478895555168611e-01,-9.235142725286856757e-01,5.453841852569453863e+00,4.850725673341657052e-01,1.000000000000000000e+00,7.871033567028888900e-01,3.204194933806974177e+00
-2.016385009525967220e+00,-2.875552043443919104e+01,2.874041225431739122e+01,2.165704099144112327e+00,4.941590522533141350e-01,-9.246359756533125696e-01,5.453757441371430481e+00,4.850532912124841389e-01,1.000000000000000000e+00,7.871033567028888900e-01,3.204194933806974177e+00
-2.010534758144355560e+00,-2.875539783492051171e+01,2.873943729340975040e+01,2.171451156321191345e+00,4.946701852125163223e-01,-9.257576820694937147e-01,5.453672802755002991e+00,4.850339944308406648e-01,1.000000000000000000e+00,7.871033567028888900e-01,3.204194933806974177e+00
-2.004684531825697835e+00,-2.875527405498330680e+01,2.873846116843939313e+01,2.177198018335715801e+00,4.951812884121010727e-01,-9.268793917310105268e-01,5.453587936711108419e+00,4.850146769888917242e-01,1.000000000000000000e+00,7.871033567028888900e-01,3.204194933806974177e+00
-1.998834330809995397e+00,-2.875514909463264601e+01,2.873748387944636562e+01,2.182944684951926284e+00,4.956923618311005475e-01,-9.280011045917567758e-01,5.453502843230678465e+00,4.849953388862927595e-01,1.000000000000000000e+00,7.871033567028888900e-01,3.204194933806974177e+00
-1.992984155337092611e+00,-2.875502295387366303e+01,2.873650542647074246e+01,2.188691155934222365e+00,4.962034054485621182e-01,-9.291228206056514338e-01,5.453417522304656373e+00,4.849759801226996569e-01,1.000000000000000000e+00,7.871033567028888900e-01,3.204194933806974177e+00
-1.986960989107872777e+00,-2.875489184924394692e+01,2.873549681987015347e+01,2.194607372927936062e+00,4.967295319136776355e-01,-9.302777143780802671e-01,5.453329440385783045e+00,4.849560272408279249e-01,1.000000000000000000e+00,7.871033567028888900e-01,3.204194933806974177e+00
-1.981110866215084254e+00,-2.875476331277397080e+01,2.873451600462845690e+01,2.200353446130590029e+00,4.972405149821266801e-01,-9.313994366495013111e-01,5.453243657814132561e+00,4.849366265431530598e-01,1.000000000000000000e+00,7.871033567028888900e-01,3.204194933806974177e+00
-1.975260769592597665e+00,-2.875463359591150336e+01,2.873353402552598368e+01,2.206099322984745648e+00,4.977514681854900425e-01,-9.325211619342622660e-01,5.453157647769511840e+00,4.849172051834492736e-01,1.000000000000000000e+00,7.871033567028888900e-01,3.204194933806974177e+00
-1.969410699481177751e+00,-2.875450269866188435e+01,2.873255088260314949e+01,2.211845003253926301e+00,4.982623915027391548e-01,-9.336428901860835960e-01,5.453071410242911199e+00,4.848977631613790584e-01,1.000000000000000000e+00,7.871033567028888900e-01,3.204194933806974177e+00
-1.963560656120663772e+00,-2.875437062103047836e+01,2.873156657590026342e+01,2.217590486702574637e+00,4.987732849129274393e-01,-9.347646213588576281e-01,5.452984945225318292e+00,4.848783004766025195e-01,1.000000000000000000e+00,7.871033567028888900e-01,3.204194933806974177e+00
-1.957710639751201409e+00,-2.875423736302271038e+01,2.873058110545772692e+01,2.223335773094835766e+00,4.992841483950823944e-01,-9.358863554064121848e-01,5.452898252707731430e+00,4.848588171287815385e-01,1.000000000000000000e+00,7.871033567028888900e-01,3.204194933806974177e+00
-1.951860650612680104e+00,-2.875410292464404094e+01,2.872959447131594857e+01,2.229080862195113699e+00,4.997949819282553330e-01,-9.370080922826193870e-01,5.452811332681156919e+00,4.848393131175783854e-01,1.000000000000000000e+00,7.871033567028888900e-01,3.204194933806974177e+00
-1.946010688945756240e+00,-2.875396730590000161e+01,2.872860667351552166e+01,2.234825753767069934e+00,5.003057854914315650e-01,-9.381298319411979225e-01,5.452724185136615276e+00,4.848197884426582727e-01,1.000000000000000000e+00,7.871033567028888900e-01,3.204194933806974177e+00
-1.940160754990264858e+00,-2.875383050679615593e+01,2.872761771209694359e+01,2.240570447575176427e+00,5.008165590636695086e-01,-9.392515743360198011e-01,5.452636810065134121e+00,4.848002431036850246e-01,1.000000000000000000e+00,7.871033567028888900e-01,3.204194933806974177e+00
-1.934310848986194653e+00,-2.875369252733810654e+01,2.872662758710077924e+01,2.246314943383759921e+00,5.013273026240149255e-01,-9.403733194209211721e-01,5.452549207457741076e+00,4.847806771003232984e-01,1.000000000000000000e+00,7.871033567028888900e-01,3.204194933806974177e+00
-1.928460971174146721e+00,-2.875355336753154134e+01,2.872563629856776046e+01,2.252059240956556962e+00,5.018380161514612858e-01,-9.414950671496156165e-01,5.452461377305489520e+00,4.847610904322411374e-01,1.000000000000000000e+00,7.871033567028888900e-01,3.204194933806974177e+00
-1.922611121794004507e+00,-2.875341302738215887e+01,2.872464384653853031e+01,2.257803340058012864e+00,5.023486996250663417e-01,-9.426168174759490537e-01,5.452373319599428392e+00,4.847414830991048640e-01,1.000000000000000000e+00,7.871033567028888900e-01,3.204194933806974177e+00
-1.916761301085649905e+00,-2.875327150689571454e+01,2.872365023105379223e+01,2.263547240452581821e+00,5.028593530238885112e-01,-9.437385703537616299e-01,5.452285034330615510e+00,4.847218551005816334e-01,1.000000000000000000e+00,7.871033567028888900e-01,3.204194933806974177e+00
-1.910911509289732413e+00,-2.875312880607802768e+01,2.872265545215440596e+01,2.269290941903971515e+00,5.033699763269204874e-01,-9.448603257367418351e-01,5.452196521490130898e+00,4.847022064363420424e-01,1.000000000000000000e+00,7.871033567028888900e-01,3.204194933806974177e+00
-1.904888741604391589e+00,-2.875298065171062945e+01,2.872163003738829801e+01,2.275204304001926303e+00,5.038956697395545747e-01,-9.460152593656645514e-01,5.452105153124994885e+00,4.846819550751502725e-01,1.000000000000000000e+00,7.871033567028888900e-01,3.204194933806974177e+00
-1.899039009225917729e+00,-2.875283555534046442e+01,2.872063289737736724e+01,2.280947600959148946e+00,5.044062318965562008e-01,-9.471370196911186312e-01,5.452016178383352951e+00,4.846622644672771707e-01,1.000000000000000000e+00,7.871033567028888900e-01,3.204194933806974177e+00
-1.893189306487387258e+00,-2.875268927865695545e+01,2.871963459407566432e+01,2.286690698258901033e+00,5.049167638942678726e-01,-9.482587823817005823e-01,5.451926976043043105e+00,4.846425531926901176e-01,1.000000000000000000e+00,7.871033567028888900e-01,3.204194933806974177e+00
-1.887339633628676072e+00,-2.875254182166610306e+01,2.871863512752412007e+01,2.292433595665679391e+00,5.054272657117544476e-01,-9.493805473912245718e-01,5.451837546095165798e+00,4.846228212510605426e-01,1.000000000000000000e+00,7.871033567028888900e-01,3.204194933806974177e+00
-1.881489990889658070e+00,-2.875239318437395042e+01,2.871763449776372568e+01,2.298176292943988841e+00,5.059377373280820045e-01,-9.505023146734998818e-01,5.451747888530833919e+00,4.846030686420608191e-01,1.000000000000000000e+00,7.871033567028888900e-01,3.204194933806974177e+00
-1.875640378510976536e+00,-2.875224336678661530e+01,2.871663270483563934e+01,2.303918789857584581e+00,5.064481787222506748e-01,-9.516240841821834717e-01,5.451658003341180780e+00,4.845832953653670949e-01,1.000000000000000000e+00,7.871033567028888900e-01,3.204194933806974177e+00
-1.869790796732451854e+00,-2.875209236891023679e+01,2.871562974878093044e+01,2.309661086171037159e+00,5.069585898733337537e-01,-9.527458558710836245e-01,5.451567890517334369e+00,4.845635014206530200e-01,1.000000000000000000e+00,7.871033567028888900e-01,3.204194933806974177e+00
-1.863941245794058288e+00,-2.875194019075101437e+01,2.871462562964075715e+01,2.315403181648775899e+00,5.074689707603918798e-01,-9.538676296939746502e-01,5.451477550050435994e+00,4.845436868075942427e-01,1.000000000000000000e+00,7.871033567028888900e-01,3.204194933806974177e+00
-1.858091725936382055e+00,-2.875178683231520438e+01,2.871362034745640557e+01,2.321145076054633272e+00,5.079793213624338444e-01,-9.549894056045069579e-01,5.451386981931642950e+00,4.845238515258687428e-01,1.000000000000000000e+00,7.871033567028888900e-01,3.204194933806974177e+00
-1.852242237399292835e+00,-2.875163229360909511e+01,2.871261390226910848e+01,2.326886769153151402e+00,5.084896416585314993e-01,-9.561111835564639616e-01,5.451296186152113421e+00,4.845039955751535010e-01,1.000000000000000000e+00,7.871033567028888900e-01,3.204194933806974177e+00
-1.846392780422605240e+00,-2.875147657463902107e+01,2.871160629412012000e+01,2.332628260708936807e+00,5.089999316277630248e-01,-9.572329635036342932e-01,5.451205162703013585e+00,4.844841189551260530e-01,1.000000000000000000e+00,7.871033567028888900e-01,3.204194933806974177e+00
-1.840543355247057145e+00,-2.875131967541139133e+01,2.871059752305090740e+01,2.338369550485693615e+00,5.095101912491273310e-01,-9.583547453996225096e-01,5.451113911575527382e+00,4.844642216654674316e-01,1.000000000000000000e+00,7.871033567028888900e-01,3.204194933806974177e+00
-1.834520968042850697e+00,-2.875115690279668712e+01,2.870955770281668151e+01,2.344280426621512703e+00,5.100355099609358289e-01,-9.595097057443409128e-01,5.451019723827755570e+00,4.844437143217332764e-01,1.000000000000000000e+00,7.871033567028888900e-01,3.204194933806974177e+00
-1.828671608147432348e+00,-2.875099760816791417e+01,2.870854657164112567e+01,2.350021306148942557e+00,5.105457079247150975e-01,-9.606314914534790361e-01,5.450928010582867245e+00,4.844237750805276965e-01,1.000000000000000000e+00,7.871033567028888900e-01,3.204194933806974177e+00
-1.822822280780562743e+00,-2.875083713330124624e+01,2.870753427767094124e+01,2.355761983183402464e+00,5.110558754771769019e-01,-9.617532789712162078e-01,5.450836069632923220e+00,4.844038151687247717e-01,1.000000000000000000e+00,7.871033567028888900e-01,3.204194933806974177e+00
-1.816972986182102234e+00,-2.875067547820326297e+01,2.870652082094763813e+01,2.361502457489490503e+00,5.115660125974009764e-01,-9.628750682513046444e-01,5.450743900969134081e+00,4.843838345860065897e-01,1.000000000000000000e+00,7.871033567028888900e-01,3.204194933806974177e+00
-1.811123724592165196e+00,-2.875051264288060437e+01,2.870550620151282573e+01,2.367242728831557841e+00,5.120761192644461834e-01,-9.639968592474419395e-01,5.450651504582726403e+00,4.843638333320567368e-01,1.000000000000000000e+00,7.871033567028888900e-01,3.204194933806974177e+00
-1.805274496250558913e+00,-2.875034862733994245e+01,2.870449041940809209e+01,2.372982796974263842e+00,5.125861954573991408e-01,-9.651186519133795327e-01,5.450558880464924982e+00,4.843438114065588551e-01,1.000000000000000000e+00,7.871033567028888900e-01,3.204194933806974177e+00
-1.799425301398010824e+00,-2.875018343158803091e+01,2.870347347467525623e+01,2.378722661681377026e+00,5.130962411552675295e-01,-9.662404462026868979e-01,5.450466028606986590e+00,4.843237688092004722e-01,1.000000000000000000e+00,7.871033567028888900e-01,3.204194933806974177e+00
-1.793576140274325548e+00,-2.875001705563163767e+01,2.870245536735599856e+01,2.384462322717573191e+00,5.136062563371406320e-01,-9.673622420691047052e-01,5.450372949000149347e+00,4.843037055396667845e-01,1.000000000000000000e+00,7.871033567028888900e-01,3.204194933806974177e+00
-1.787727013119355890e+00,-2.874984949947759105e+01,2.870143609749207059e+01,2.390201779847490826e+00,5.141162409821043999e-01,-9.684840394663594143e-01,5.450279641635673578e+00,4.842836215976441538e-01,1.000000000000000000e+00,7.871033567028888900e-01,3.204194933806974177e+00
-1.781877920173723817e+00,-2.874968076313277976e+01,2.870041566512540498e+01,2.395941032835017914e+00,5.146261950691791709e-01,-9.696058383480242737e-01,5.450186106504834704e+00,4.842635169828223285e-01,1.000000000000000000e+00,7.871033567028888900e-01,3.204194933806974177e+00
-1.776028861677279691e+00,-2.874951084660412448e+01,2.869939407029784562e+01,2.401680081444808934e+00,5.151361185774534501e-01,-9.707276386678151958e-01,5.450092343598909927e+00,4.842433916948895578e-01,1.000000000000000000e+00,7.871033567028888900e-01,3.204194933806974177e+00
-1.770179837869821693e+00,-2.874933974989858854e+01,2.869837131305127187e+01,2.407418925441576096e+00,5.156460114860216271e-01,-9.718494403794525338e-01,5.449998352909174670e+00,4.842232457335343132e-01,1.000000000000000000e+00,7.871033567028888900e-01,3.204194933806974177e+00
-1.764157866922295703e+00,-2.874916236000352043e+01,2.869731709352590343e+01,2.413327280502138183e+00,5.161709523763875485e-01,-9.730044205436796378e-01,5.449901344467166453e+00,4.842024823597441130e-01,1.000000000000000000e+00,7.871033567028888900e-01,3.204194933806974177e+00
-1.758308914257830535e+00,-2.874898886806241904e+01,2.869629197719229907e+01,2.419065708496299649e+00,5.166807831161329689e-01,-9.741262249375108873e-01,5.449806891446423940e+00,4.841822944391850903e-01,1.000000000000000000e+00,7.871033567028888900e-01,3.204194933806974177e+00
-1.752459997009812920e+00,-2.874881419596587051e+01,2.869526569856703802e+01,2.424803931163700632e+00,5.171905831927587904e-01,-9.752480305827609941e-01,5.449712210615534680e+00,4.841620858442695630e-01,1.000000000000000000e+00,7.871033567028888900e-01,3.204194933806974177e+00
-1.746611115418803761e+00,-2.874863834372105842e+01,2.869423825769233360e+01,2.430541948268333030e+00,5.177003525852974519e-01,-9.763698374329817797e-01,5.449617301965825611e+00,4.841418565746919422e-01,1.000000000000000000e+00,7.871033567028888900e-01,3.204194933806974177e+00
